#threads N est_pi error time
80 10 0.00000000000000000000 3.14159265358979311600 0.003172
80 100 0.00000000000000000000 3.14159265358979311600 0.002954
80 1000 2.24000000000000021316 0.90159265358979290284 0.001729
80 10000 3.07200000000000006395 0.06959265358979305205 0.003536
80 100000 3.10400000000000009237 0.03759265358979302363 0.003942
80 1000000 3.12863999999999986557 0.01295265358979325043 0.005557
80 10000000 3.13766400000000000858 0.00392865358979310741 0.019884
80 100000000 3.14423040000000009186 0.00263774641020697587 0.093647
80 1000000000 3.14190592000000012973 0.00031326641020701373 0.764807
80 10000000000 3.14156185600000004143 0.00003079758979307456 6.961514
80 100000000000 3.14159646719999985365 0.00000381361020673765 75.040185
80 1000000000000 3.14159237663999979517 0.00000027694979332082 809.045407
