5 10 0.00000000000000000000 3.14159265358979311600 0.000377
15 10 0.00000000000000000000 3.14159265358979311600 0.000658
25 10 0.00000000000000000000 3.14159265358979311600 0.025870
35 10 0.00000000000000000000 3.14159265358979311600 0.001019
45 10 0.00000000000000000000 3.14159265358979311600 0.001371
55 10 0.00000000000000000000 3.14159265358979311600 0.001707
65 10 0.00000000000000000000 3.14159265358979311600 0.002772
75 10 0.00000000000000000000 3.14159265358979311600 0.003358
85 10 0.00000000000000000000 3.14159265358979311600 0.003760
95 10 0.00000000000000000000 3.14159265358979311600 0.004259
5 100 2.20000000000000017764 0.94159265358979293836 0.000225
15 100 2.20000000000000017764 0.94159265358979293836 0.000601
25 100 1.00000000000000000000 2.14159265358979311600 0.027119
35 100 1.19999999999999995559 1.94159265358979316041 0.001412
45 100 0.40000000000000002220 2.74159265358979320482 0.001865
55 100 0.00000000000000000000 3.14159265358979311600 0.002005
65 100 0.00000000000000000000 3.14159265358979311600 0.002332
75 100 0.00000000000000000000 3.14159265358979311600 0.002778
85 100 0.00000000000000000000 3.14159265358979311600 0.002926
95 100 0.00000000000000000000 3.14159265358979311600 0.003262
5 1000 3.18000000000000015987 0.03840734641020704387 0.000180
15 1000 3.12000000000000010658 0.02159265358979300942 0.024469
25 1000 2.79999999999999982236 0.34159265358979329363 0.021267
35 1000 2.45999999999999996447 0.68159265358979315153 0.001066
45 1000 2.33999999999999985789 0.80159265358979325811 0.000856
55 1000 2.02000000000000001776 1.12159265358979309823 0.001186
65 1000 2.08000000000000007105 1.06159265358979304494 0.001535
75 1000 2.20000000000000017764 0.94159265358979293836 0.002141
85 1000 2.29999999999999982236 0.84159265358979329363 0.002879
95 1000 2.27999999999999980460 0.86159265358979331140 0.003484
5 10000 3.10000000000000008882 0.04159265358979302718 0.000339
15 10000 3.06400000000000005684 0.07759265358979305915 0.016725
25 10000 3.06000000000000005329 0.08159265358979306271 0.026798
35 10000 3.11799999999999988276 0.02359265358979323324 0.000946
45 10000 3.11799999999999988276 0.02359265358979323324 0.001972
55 10000 3.16400000000000014566 0.02240734641020702966 0.001446
65 10000 3.16800000000000014921 0.02640734641020703322 0.002793
75 10000 3.12999999999999989342 0.01159265358979322258 0.003117
85 10000 3.04800000000000004263 0.09359265358979307337 0.003757
95 10000 3.04000000000000003553 0.10159265358979308047 0.004143
5 100000 3.14579999999999992966 0.00420734641020681366 0.001585
15 100000 3.11160000000000014353 0.02999265358979297247 0.001133
25 100000 3.12699999999999977973 0.01459265358979333627 0.026351
35 100000 3.13200000000000011724 0.00959265358979299876 0.001916
45 100000 3.10179999999999989058 0.03979265358979322542 0.001611
55 100000 3.09140000000000014779 0.05019265358979296821 0.002891
65 100000 3.08740000000000014424 0.05419265358979297176 0.003240
75 100000 3.09399999999999986144 0.04759265358979325455 0.003606
85 100000 3.11940000000000017266 0.02219265358979294334 0.003402
95 100000 3.10700000000000020606 0.03459265358979290994 0.003602
5 1000000 3.14173999999999997712 0.00014734641020686112 0.013266
15 1000000 3.13427999999999995495 0.00731265358979316105 0.005064
25 1000000 3.13549999999999995381 0.00609265358979316218 0.028670
35 1000000 3.13731999999999988660 0.00427265358979322940 0.002798
45 1000000 3.14211999999999980204 0.00052734641020668604 0.004596
55 1000000 3.14177999999999979508 0.00018734641020667908 0.005324
65 1000000 3.13342000000000009408 0.00817265358979302192 0.005847
75 1000000 3.13240000000000007319 0.00919265358979304281 0.007322
85 1000000 3.13072000000000016939 0.01087265358979294660 0.011822
95 1000000 3.12207999999999996632 0.01951265358979314968 0.012594
5 10000000 3.14199800000000006861 0.00040534641020695261 0.059833
15 10000000 3.14508600000000004826 0.00349334641020693226 0.034611
25 10000000 3.14333999999999980091 0.00174734641020668491 0.039331
35 10000000 3.14262599999999991951 0.00103334641020680351 0.017262
45 10000000 3.14240800000000009007 0.00081534641020697407 0.019149
55 10000000 3.14259399999999988751 0.00100134641020677151 0.016645
65 10000000 3.13986799999999988131 0.00172465358979323469 0.020398
75 10000000 3.13839999999999985647 0.00319265358979325953 0.021560
85 10000000 3.13629800000000003024 0.00529465358979308576 0.026160
95 10000000 3.13443599999999999994 0.00715665358979311605 0.025074
5 100000000 3.14207379999999991682 0.00048114641020680082 0.406175
15 100000000 3.14194679999999992859 0.00035414641020681259 0.152492
25 100000000 3.14153100000000007341 0.00006165358979304258 0.126128
35 100000000 3.14202000000000003510 0.00042734641020691910 0.111393
45 100000000 3.14244399999999979300 0.00085134641020667701 0.127657
55 100000000 3.14251080000000015957 0.00091814641020704357 0.140652
65 100000000 3.14298140000000003624 0.00138874641020692025 0.122997
75 100000000 3.14345799999999986341 0.00186534641020674741 0.114864
85 100000000 3.14424040000000015738 0.00264774641020704138 0.121542
95 100000000 3.14398540000000004113 0.00239274641020692513 0.106471
5 1000000000 3.14160684000000012261 0.00001418641020700662 3.930813
15 1000000000 3.14162122000000021416 0.00002856641020709816 1.331244
25 1000000000 3.14177209999999984547 0.00017944641020672947 0.869713
35 1000000000 3.14201761999999984454 0.00042496641020672854 1.108278
45 1000000000 3.14211438000000020665 0.00052172641020709065 1.007038
55 1000000000 3.14196832000000014773 0.00037566641020703173 0.989685
65 1000000000 3.14210374000000003392 0.00051108641020691792 0.988117
75 1000000000 3.14193219999999984182 0.00033954641020672582 0.968877
85 1000000000 3.14196647999999978396 0.00037382641020666796 0.974347
95 1000000000 3.14188818000000003039 0.00029552641020691439 0.905917
5 10000000000 3.14159016800000001624 0.00000248558979309976 39.299694
15 10000000000 3.14159329200000003723 0.00000063841020692124 13.197906
25 10000000000 3.14159484000000022164 0.00000218641020710564 8.167396
35 10000000000 3.14161552599999982505 0.00002287241020670905 17.666528
45 10000000000 3.14163838800000005946 0.00004573441020694347 9.572331
55 10000000000 3.14161159000000012043 0.00001893641020700443 9.258822
65 10000000000 3.14164795999999979514 0.00005530641020667915 8.719675
75 10000000000 3.14162118999999995239 0.00002853641020683639 8.517370
85 10000000000 3.14159570999999981922 0.00000305641020670322 8.534154
95 10000000000 3.14163578399999998680 0.00004313041020687081 8.267111
5 100000000000 3.14159196039999999428 0.00000069318979312172 392.458110
15 100000000000 3.14159372880000020700 0.00000107521020709100 131.042156
25 100000000000 3.14159360099999984683 0.00000094741020673084 84.214273
35 100000000000 3.14159380659999998286 0.00000115301020686687 100.960114
45 100000000000 3.14159265039999979763 0.00000000318979331837 99.914796
55 100000000000 3.14159254899999984545 0.00000010458979327055 93.828444
65 100000000000 3.14159131900000021531 0.00000133458979290069 85.300605
75 100000000000 3.14158899699999993871 0.00000365658979317729 83.616556
85 100000000000 3.14159585960000020677 0.00000320601020709077 83.526263
95 100000000000 3.14159338759999995361 0.00000073401020683761 83.158432
