#threads N est_pi error time
70 10 0.00000000000000000000 3.14159265358979311600 0.002910
70 100 0.00000000000000000000 3.14159265358979311600 0.002689
70 1000 2.24000000000000021316 0.90159265358979290284 0.001620
70 10000 3.16400000000000014566 0.02240734641020702966 0.001510
70 100000 3.08720000000000016627 0.05439265358979294973 0.003131
70 1000000 3.13115999999999994330 0.01043265358979317270 0.005823
70 10000000 3.13802000000000003155 0.00357265358979308445 0.016044
70 100000000 3.14346039999999993242 0.00186774641020681642 0.099309
70 1000000000 3.14201700000000005986 0.00042434641020694386 0.754833
70 10000000000 3.14159784000000019688 0.00000518641020708088 7.376230
70 100000000000 3.14159644960000017377 0.00000379601020705778 77.536009
70 1000000000000 3.14159164891999997948 0.00000100466979313651 780.786154
