#threads N estimate error time
10 10 0.40000000000000002220 2.74159265358979320482 0.000325
10 100 2.43999999999999994671 0.70159265358979316929 0.000243
10 10 0.40000000000000002220 2.74159265358979320482 0.017288
10 10 0.00000000000000000000 3.14159265358979311600 0.015557
10 10 0.40000000000000002220 2.74159265358979320482 0.023688
10 1000 3.00400000000000000355 0.13759265358979311245 0.023469
10 10 0.40000000000000002220 2.74159265358979320482 0.019612
10 100 2.47999999999999998224 0.66159265358979313376 0.022780
10 10 0.40000000000000002220 2.74159265358979320482 0.017925
10 100 2.52000000000000001776 0.62159265358979309823 0.026171
10 10 0.40000000000000002220 2.74159265358979320482 0.027915
10 10 0.00000000000000000000 3.14159265358979311600 0.032285
10 10 0.40000000000000002220 2.74159265358979320482 0.024124
10 100 2.43999999999999994671 0.70159265358979316929 0.031229
10 1000 3.04800000000000004263 0.09359265358979307337 0.020686
10 10000 3.10040000000000004476 0.04119265358979307123 0.041085
10 10 0.00000000000000000000 3.14159265358979311600 0.034790
10 100 2.52000000000000001776 0.62159265358979309823 0.053289
10 100 2.56000000000000005329 0.58159265358979306271 0.035427
10 100 2.43999999999999994671 0.70159265358979316929 0.040763
10 100000 3.12664000000000008583 0.01495265358979303016 0.039265
10 100 2.43999999999999994671 0.70159265358979316929 0.081160
10 10000 3.09960000000000013287 0.04199265358979298313 0.039340
10 100 2.56000000000000005329 0.58159265358979306271 0.050131
10 1000 3.01600000000000001421 0.12559265358979310179 0.073299
10 1000 3.00000000000000000000 0.14159265358979311600 0.052910
10 1000 3.04400000000000003908 0.09759265358979307692 0.024729
10 1000 3.01600000000000001421 0.12559265358979310179 0.037073
10 100 2.39999999999999991118 0.74159265358979320482 0.061123
10 1000 3.01600000000000001421 0.12559265358979310179 0.033118
10 1000 3.01200000000000001066 0.12959265358979310534 0.041800
10 100000 3.13104000000000004533 0.01055265358979307067 0.028558
10 1000000 3.13498799999999988586 0.00660465358979323014 0.050659
10 10000 3.11560000000000014708 0.02599265358979296892 0.039772
10 1000 3.03600000000000003197 0.10559265358979308402 0.012457
10 1000 3.02000000000000001776 0.12159265358979309823 0.050644
10 10000 3.11560000000000014708 0.02599265358979296892 0.041749
10 10000 3.10840000000000005187 0.03319265358979306413 0.039881
10 10000 3.09560000000000012932 0.04599265358979298668 0.052892
10 10000 3.10080000000000000071 0.04079265358979311529 0.059412
10 10000 3.10159999999999991260 0.03999265358979320339 0.056523
10 10000 3.11560000000000014708 0.02599265358979296892 0.058153
10 100000 3.12324000000000001620 0.01835265358979309980 0.047982
10 1000000 3.13512399999999979983 0.00646865358979331617 0.045648
10 100000 3.12747999999999981569 0.01411265358979330031 0.037169
10 100000 3.12820000000000009166 0.01339265358979302434 0.029047
10 10000 3.10119999999999995666 0.04039265358979315934 0.047926
10 100000 3.12880000000000002558 0.01279265358979309042 0.048276
10 100000 3.12548000000000003595 0.01611265358979308004 0.022765
10 10000000 3.14315120000000014500 0.00155854641020702900 0.104860
10 100000 3.12627999999999994785 0.01531265358979316815 0.035763
10 100000 3.12528000000000005798 0.01631265358979305802 0.030803
10 1000000 3.13498400000000021492 0.00660865358979290107 0.040688
10 1000000 3.13538400000000017087 0.00620865358979294513 0.047217
10 100000 3.12315999999999993619 0.01843265358979317980 0.066792
10 1000000 3.13619199999999986872 0.00540065358979324728 0.051503
10 1000000 3.13419600000000020401 0.00739665358979291199 0.061443
10 1000000 3.13510400000000011289 0.00648865358979300311 0.054260
10 1000000 3.13521200000000010988 0.00638065358979300612 0.081671
10 1000000 3.13577599999999989677 0.00581665358979321923 0.067420
10 10000000 3.14342800000000011096 0.00183534641020699496 0.113849
10 1000000 3.13548800000000005284 0.00610465358979306316 0.080114
10 10000000 3.14345359999999995892 0.00186094641020684293 0.173149
10 10000000 3.14353520000000008494 0.00194254641020696894 0.133494
10 10000000 3.14330560000000014398 0.00171294641020702798 0.137743
10 10000000 3.14311840000000008999 0.00152574641020697399 0.143108
10 10000000 3.14368559999999996890 0.00209294641020685290 0.148453
10 10000000 3.14334680000000021849 0.00175414641020710249 0.125633
10 10000000 3.14363359999999980587 0.00204094641020668988 0.141041
10 10000000 3.14339600000000007896 0.00180334641020696296 0.150950
10 100000000 3.14156075999999995219 0.00003189358979316381 1.034077
10 100000000 3.14157283999999981106 0.00001981358979330494 1.148366
10 100000000 3.14161907999999989727 0.00002642641020678127 1.254741
10 100000000 3.14159568000000000154 0.00000302641020688554 1.126330
10 100000000 3.14157691999999988397 0.00001573358979323203 1.145966
10 100000000 3.14160508000000016082 0.00001242641020704482 1.143194
10 100000000 3.14165007999999978949 0.00005742641020667349 1.151137
10 100000000 3.14157163999999999859 0.00002101358979311740 1.185919
10 100000000 3.14160356000000007271 0.00001090641020695671 1.167176
10 100000000 3.14166627999999992227 0.00007362641020680627 1.152663
10 1000000000 3.14166690000000015104 0.00007424641020703504 12.433795
10 1000000000 3.14167041600000018775 0.00007776241020707175 12.164914
10 1000000000 3.14167109999999993875 0.00007844641020682275 12.191826
10 1000000000 3.14167219600000002799 0.00007954241020691200 12.205652
10 1000000000 3.14167356000000008720 0.00008090641020697120 12.177147
10 1000000000 3.14167318799999994994 0.00008053441020683394 12.349776
10 1000000000 3.14167157599999979922 0.00007892241020668322 12.389250
10 1000000000 3.14167356799999986094 0.00008091441020674495 12.377307
10 1000000000 3.14166127199999989372 0.00006861841020677772 12.539354
10 1000000000 3.14166355199999980385 0.00007089841020668786 12.560347
10 10000000000 3.14159182599999997620 0.00000082758979313979 128.162848
10 10000000000 3.14159237879999997389 0.00000027478979314211 128.923895
10 10000000000 3.14159246160000016346 0.00000019198979295254 128.778970
10 10000000000 3.14159252600000016287 0.00000012758979295313 128.984873
10 10000000000 3.14159241720000004250 0.00000023638979307350 129.451613
10 10000000000 3.14159197479999985347 0.00000067878979326252 130.146245
10 10000000000 3.14159216719999978551 0.00000048638979333049 130.618721
10 10000000000 3.14159243679999988785 0.00000021678979322814 130.483077
10 10000000000 3.14159256240000006599 0.00000009118979305001 130.899842
10 10000000000 3.14159300960000020808 0.00000035601020709208 131.879673
10 100000000000 3.14159228376000010385 0.00000036982979301214 1286.447468
10 10 0.40000000000000002220 2.74159265358979320482 0.038865
10 100 2.52000000000000001776 0.62159265358979309823 0.027322
10 1000 3.02000000000000001776 0.12159265358979309823 0.031321
10 10000 3.10400000000000009237 0.03759265358979302363 0.031112
10 100000 3.12919999999999998153 0.01239265358979313447 0.031553
10 1000000 3.13579600000000002780 0.00579665358979308820 0.033340
10 10000000 3.14348839999999984940 0.00189574641020673340 0.071396
10 100000000 3.14154243999999982506 0.00005021358979329094 0.444918
10 100000000000 3.14159202100000012337 0.00000063258979299263 1289.927935
10 10 0.40000000000000002220 2.74159265358979320482 0.038894
10 100 2.31999999999999984013 0.82159265358979327587 0.031286
10 1000 3.01600000000000001421 0.12559265358979310179 0.041137
10 100000000000 3.14159204623999999129 0.00000060734979312471 1287.623253
10 10000 3.09719999999999995310 0.04439265358979316289 0.039036
10 100000 3.12363999999999997215 0.01795265358979314385 0.039408
10 10 0.00000000000000000000 3.14159265358979311600 0.034938
10 100000000000 3.14159228812000002051 0.00000036546979309549 1291.013840
10 1000000 3.13512799999999991485 0.00646465358979320115 0.033283
10 100 2.35999999999999987566 0.78159265358979324034 0.047073
10 1000 2.99599999999999999645 0.14559265358979311955 0.051086
10 10 0.40000000000000002220 2.74159265358979320482 0.046301
10 10000000 3.14349280000000019797 0.00190014641020708197 0.083053
10 10000 3.10760000000000013998 0.03399265358979297602 0.029960
10 100 2.52000000000000001776 0.62159265358979309823 0.041120
10 100000 3.12752000000000007773 0.01407265358979303826 0.039330
10 1000 2.99599999999999999645 0.14559265358979311955 0.069576
10 1000000 3.13432000000000021700 0.00727265358979289900 0.063195
10 10000 3.10080000000000000071 0.04079265358979311529 0.037713
10 100000 3.12695999999999996177 0.01463265358979315423 0.049386
10 10000000 3.14348440000000017847 0.00189174641020706247 0.129393
10 1000000 3.13484799999999985687 0.00674465358979325913 0.039021
10 10000000 3.14336320000000002395 0.00177054641020690795 0.091136
10 100000000 3.14160359999999982961 0.00001094641020671361 0.669771
10 100000000 3.14157468000000017483 0.00001797358979294117 0.658053
10 100000000000 3.14159228647999988482 0.00000036710979323118 1290.662089
10 10 0.40000000000000002220 2.74159265358979320482 0.042994
10 100000000 3.14153800000000016368 0.00005465358979295232 0.648894
10 100 2.43999999999999994671 0.70159265358979316929 0.056975
10 1000 3.02000000000000001776 0.12159265358979309823 0.054678
10 10000 3.10080000000000000071 0.04079265358979311529 0.052506
10 100000 3.12559999999999993392 0.01599265358979318208 0.058314
10 1000000 3.13471199999999994290 0.00688065358979317310 0.063195
10 10000000 3.14300360000000011951 0.00141094641020700351 0.125846
10 100000000000 3.14159230536000011469 0.00000034822979300131 1291.048306
10 10 0.40000000000000002220 2.74159265358979320482 0.067008
10 100 2.43999999999999994671 0.70159265358979316929 0.073053
10 1000 3.02000000000000001776 0.12159265358979309823 0.054161
10 10000 3.11079999999999978755 0.03079265358979332845 0.050269
10 100000 3.12959999999999993747 0.01199265358979317853 0.055269
10 1000000 3.13590800000000013981 0.00568465358979297619 0.066917
10 100000000000 3.14159228288000003104 0.00000037070979308496 1291.043876
10 10000000 3.14367559999999990339 0.00208294641020678739 0.139026
10 100000000 3.14161816000000015947 0.00002550641020704347 0.881148
10 10 0.40000000000000002220 2.74159265358979320482 0.085042
10 100 2.43999999999999994671 0.70159265358979316929 0.052583
10 1000 3.03600000000000003197 0.10559265358979308402 0.055013
10 10000 3.09759999999999990905 0.04399265358979320695 0.055069
10 100000 3.12491999999999991999 0.01667265358979319601 0.044699
10 1000000 3.13486799999999998789 0.00672465358979312811 0.053214
10 10000000 3.14358799999999982688 0.00199534641020671089 0.151295
10 100000000 3.14153907999999981726 0.00005357358979329874 1.061158
10 100000000 3.14156608000000003855 0.00002657358979307745 0.979269
10 1000000000 3.14167418800000008972 0.00008153441020697372 6.683545
10 100000000000 3.14159203007999998647 0.00000062350979312953 1295.368371
10 10 0.40000000000000002220 2.74159265358979320482 0.076511
10 100 2.43999999999999994671 0.70159265358979316929 0.072967
10 1000 3.02000000000000001776 0.12159265358979309823 0.082923
10 10000 3.10599999999999987210 0.03559265358979324390 0.060922
10 100000 3.12559999999999993392 0.01599265358979318208 0.067221
10 1000000 3.13590400000000002478 0.00568865358979309121 0.076580
10 10000000 3.14351439999999993091 0.00192174641020681491 0.175605
10 1000000000 3.14167475200000012592 0.00008209841020700992 8.965991
10 1000000000 3.14168566800000004235 0.00009301441020692636 9.574312
10 100000000 3.14159340000000009141 0.00000074641020697541 1.095197
10 1000000000 3.14166225600000004192 0.00006960241020692592 9.587293
10 100000000000 3.14159228844000004699 0.00000036514979306901 1302.099453
10 10 0.40000000000000002220 2.74159265358979320482 0.083003
10 100 2.47999999999999998224 0.66159265358979313376 0.071018
10 1000 3.02000000000000001776 0.12159265358979309823 0.075012
10 10000 3.10440000000000004832 0.03719265358979306768 0.070733
10 100000 3.12775999999999987367 0.01383265358979324233 0.090864
10 1000000 3.13507999999999986684 0.00651265358979324915 0.081420
10 1000000000 3.14167714000000009023 0.00008448641020697423 9.880259
10 10000000 3.14352359999999997342 0.00193094641020685742 0.182941
10 100000000 3.14155863999999995784 0.00003401358979315816 1.323747
10 1000000000 3.14167643600000001669 0.00008378241020690069 10.649523
10 1000000000 3.14166300800000009019 0.00007035441020697419 10.239279
10 100000000000 3.14159201687999978247 0.00000063670979333352 1308.546398
10 10 0.40000000000000002220 2.74159265358979320482 0.067336
10 100 2.52000000000000001776 0.62159265358979309823 0.069126
10 1000 3.00400000000000000355 0.13759265358979311245 0.063285
10 10000 3.10559999999999991616 0.03599265358979319984 0.065647
10 100000 3.12503999999999981796 0.01655265358979329804 0.115034
10 1000000 3.13619199999999986872 0.00540065358979324728 0.070801
10 10000000 3.14311840000000008999 0.00152574641020697399 0.216786
10 100000000 3.14158691999999994948 0.00000573358979316652 1.490310
10 1000000000 3.14168198399999987203 0.00008933041020675603 12.241104
10 1000000000 3.14167714399999997710 0.00008449041020686110 13.076229
10 1000000000 3.14166830000000008027 0.00007564641020696428 13.818408
10 10000000000 3.14159185440000010558 0.00000079918979301041 131.898735
10 10000000000 3.14159274960000001187 0.00000009601020689587 129.768720
10 10000000000 3.14159241720000004250 0.00000023638979307350 130.701879
10 10000000000 3.14159242639999991553 0.00000022718979320047 131.410408
10 10000000000 3.14159297560000005944 0.00000032201020694345 130.410958
10 10000000000 3.14159272920000010032 0.00000007561020698432 131.150931
10 10000000000 3.14159210800000021635 0.00000054558979289965 131.405344
10 10000000000 3.14159240240000015021 0.00000025118979296579 128.699402
10 10000000000 3.14159229440000009603 0.00000035918979301997 128.299279
10 10000000000 3.14159294199999994390 0.00000028841020682790 126.752541
10 100000000000 3.14159228412000013364 0.00000036946979298236 1294.742291
10 10 0.40000000000000002220 2.74159265358979320482 0.049090
10 100 2.52000000000000001776 0.62159265358979309823 0.049418
10 1000 3.02800000000000002487 0.11359265358979309113 0.053320
10 10000 3.11479999999999979110 0.02679265358979332490 0.054008
10 100000 3.12792000000000003368 0.01367265358979308232 0.039078
10 1000000 3.13539600000000007185 0.00619665358979304415 0.049830
10 10000000 3.14325320000000019149 0.00166054641020707550 0.123193
10 100000000 3.14160120000000020468 0.00000854641020708868 0.697693
10 100000000000 3.14159230600000016764 0.00000034758979294836 1308.951522
10 10 0.00000000000000000000 3.14159265358979311600 0.041172
10 100000000000 3.14159230339999995252 0.00000035018979316348 1305.657653
10 100 2.47999999999999998224 0.66159265358979313376 0.047283
10 1000 3.01200000000000001066 0.12959265358979310534 0.036808
10 10 0.40000000000000002220 2.74159265358979320482 0.053089
10 10000 3.10480000000000000426 0.03679265358979311173 0.032947
10 100000 3.12900000000000000355 0.01259265358979311245 0.035243
10 100 2.52000000000000001776 0.62159265358979309823 0.039323
10 1000000 3.13536800000000015487 0.00622465358979296113 0.045020
10 1000 3.00800000000000000711 0.13359265358979310889 0.041559
10 10000 3.10919999999999996376 0.03239265358979315224 0.035156
10 10000000 3.14341399999999993042 0.00182134641020681443 0.092690
10 100000 3.12868000000000012761 0.01291265358979298838 0.048344
10 1000000 3.13554000000000021586 0.00605265358979290014 0.047048
10 10000000 3.14321839999999985693 0.00162574641020674093 0.099024
10 100000000 3.14162868000000017332 0.00003602641020705732 0.576774
10 100000000 3.14156628000000015533 0.00002637358979296067 0.603022
10 100000000000 3.14159201508000007763 0.00000063850979303837 1292.085155
10 100000000000 3.14159228083999986225 0.00000037274979325375 1304.644172
10 1000000000 3.14166976799999986270 0.00007711441020674670 5.435748
10 10 0.40000000000000002220 2.74159265358979320482 0.067125
10 10 0.40000000000000002220 2.74159265358979320482 0.068922
10 100 2.52000000000000001776 0.62159265358979309823 0.066498
10 100 2.52000000000000001776 0.62159265358979309823 0.062983
10 1000 3.00800000000000000711 0.13359265358979310889 0.039322
10 1000 3.01600000000000001421 0.12559265358979310179 0.067033
10 10000 3.09319999999999994955 0.04839265358979316645 0.055095
10 10000 3.10720000000000018403 0.03439265358979293197 0.071141
10 100000 3.12780000000000013571 0.01379265358979298028 0.061008
10 100000 3.12684000000000006381 0.01475265358979305219 0.057923
10 1000000 3.13478799999999990789 0.00680465358979320811 0.071270
10 1000000 3.13548399999999993781 0.00610865358979317818 0.063013
10 10000000 3.14326399999999983592 0.00167134641020671992 0.123029
10 10000000 3.14329759999999991393 0.00170494641020679794 0.143037
10 100000000000 3.14159203812000020761 0.00000061546979290839 1308.306282
10 100000000 3.14163796000000017372 0.00004530641020705772 1.096187
10 10 0.40000000000000002220 2.74159265358979320482 0.063019
10 100 2.56000000000000005329 0.58159265358979306271 0.057384
10 100000000 3.14158996000000012572 0.00000269358979299028 1.144128
10 1000 3.02400000000000002132 0.11759265358979309468 0.051880
10 10000 3.10239999999999982450 0.03919265358979329150 0.073431
10 100000 3.12644000000000010786 0.01515265358979300814 0.051383
10 1000000 3.13539600000000007185 0.00619665358979304415 0.067927
10 10000000 3.14359879999999991540 0.00200614641020679940 0.151067
10 100000000 3.14167656000000006244 0.00008390641020694645 1.093916
10 1000000000 3.14166396800000002898 0.00007131441020691298 9.075185
10 1000000000 3.14167418800000008972 0.00008153441020697372 8.963150
10 100000000000 3.14159202351999988778 0.00000063006979322822 1312.138620
10 10 0.40000000000000002220 2.74159265358979320482 0.071023
10 100 2.47999999999999998224 0.66159265358979313376 0.039108
10 1000 3.02800000000000002487 0.11359265358979309113 0.051069
10 10000 3.10440000000000004832 0.03719265358979306768 0.069449
10 100000 3.12740000000000017977 0.01419265358979293623 0.066077
10 1000000 3.13544799999999979079 0.00614465358979332521 0.055017
10 10000000 3.14318000000000008498 0.00158734641020696898 0.131050
10 1000000000 3.14167196799999981494 0.00007931441020669894 9.124323
10 1000000000 3.14166665200000005953 0.00007399841020694353 9.324314
10 100000000 3.14154480000000013717 0.00004785358979297882 1.106325
10 1000000000 3.14166475999999983415 0.00007210641020671815 9.574762
10 100000000000 3.14159202455999997383 0.00000062902979314217 1321.189862
10 10 0.40000000000000002220 2.74159265358979320482 0.067889
10 100 2.39999999999999991118 0.74159265358979320482 0.078965
10 1000 3.02400000000000002132 0.11759265358979309468 0.075005
10 10000 3.10320000000000018048 0.03839265358979293552 0.068417
10 100000 3.12664000000000008583 0.01495265358979303016 0.066876
10 1000000 3.13560799999999995080 0.00598465358979316520 0.094958
10 10000000 3.14318600000000003547 0.00159334641020691947 0.209212
10 100000000 3.14156923999999992958 0.00002341358979318642 1.262842
10 100000000000 3.14159229107999982133 0.00000036250979329466 1317.402977
10 10 0.00000000000000000000 3.14159265358979311600 0.067008
10 100 2.52000000000000001776 0.62159265358979309823 0.089193
10 1000 3.02000000000000001776 0.12159265358979309823 0.071028
10 10000 3.11240000000000005542 0.02919265358979306058 0.074302
10 100000 3.12568000000000001393 0.01591265358979310207 0.075031
10 1000000 3.13510799999999978382 0.00648465358979333217 0.074803
10 10000000 3.14338039999999985241 0.00178774641020673641 0.198951
10 1000000000 3.14167126400000018549 0.00007861041020706949 10.976341
10 100000000 3.14167079999999998563 0.00007814641020686963 1.318383
10 1000000000 3.14166806799999998034 0.00007541441020686435 12.066199
10 100000000000 3.14159202528000003340 0.00000062830979308259 1320.476317
10 10 0.40000000000000002220 2.74159265358979320482 0.046995
10 100 2.39999999999999991118 0.74159265358979320482 0.066924
10 1000 2.97999999999999998224 0.16159265358979313376 0.078934
10 10000 3.11120000000000018758 0.03039265358979292841 0.078823
10 100000 3.12855999999999978556 0.01303265358979333044 0.083186
10 1000000 3.13490000000000001990 0.00669265358979309610 0.070946
10 10000000 3.14319959999999998246 0.00160694641020686646 0.210986
10 1000000000 3.14167333199999987414 0.00008067841020675814 12.425543
10 100000000 3.14166227999999980725 0.00006962641020669125 1.479243
10 1000000000 3.14167578800000013572 0.00008313441020701973 14.312455
10 10000000000 3.14159181839999979147 0.00000083518979332453 129.383533
10 10000000000 3.14159199079999984505 0.00000066278979327095 127.445208
10 10000000000 3.14159266600000020020 0.00000001241020708420 126.173212
10 10000000000 3.14159182599999997620 0.00000082758979313979 129.164238
10 10000000000 3.14159232919999986677 0.00000032438979324922 131.531247
10 10000000000 3.14159224279999982343 0.00000041078979329257 131.651784
10 10000000000 3.14159195200000018744 0.00000070158979292856 133.770521
10 10000000000 3.14159288719999985062 0.00000023361020673462 131.824452
10 10000000000 3.14159299079999998483 0.00000033721020686883 132.191229
10 10000000000 3.14159234639999995764 0.00000030718979315836 131.463568
10 100000000000 3.14159202903999990042 0.00000062454979321558 1318.256115
10 10 0.40000000000000002220 2.74159265358979320482 0.056701
10 100 2.43999999999999994671 0.70159265358979316929 0.059020
10 1000 3.02800000000000002487 0.11359265358979309113 0.053364
10 10000 3.11399999999999987921 0.02759265358979323679 0.055304
10 100000 3.12699999999999977973 0.01459265358979333627 0.059084
10 1000000 3.13534800000000002385 0.00624465358979309215 0.065159
10 10000000 3.14329320000000000945 0.00170054641020689346 0.175304
10 100000000 3.14154527999999988452 0.00004737358979323147 0.844855
10 100000000000 3.14159229368000003646 0.00000035990979307954 1313.501681
10 10 0.40000000000000002220 2.74159265358979320482 0.055029
10 100 2.52000000000000001776 0.62159265358979309823 0.061165
10 1000 3.06400000000000005684 0.07759265358979305915 0.054840
10 10000 3.10239999999999982450 0.03919265358979329150 0.047057
10 100000 3.12568000000000001393 0.01591265358979310207 0.055531
10 1000000 3.13546799999999992181 0.00612465358979319419 0.051165
10 10000000 3.14335800000000009646 0.00176534641020698047 0.123028
10 100000000 3.14157919999999979410 0.00001345358979332190 0.763030
10 1000000000 3.14167599600000002624 0.00008334241020691024 6.622122
10 100000000000 3.14159201028000012457 0.00000064330979299143 1320.534731
10 10 0.40000000000000002220 2.74159265358979320482 0.043267
10 100 2.31999999999999984013 0.82159265358979327587 0.049587
10 1000 2.99599999999999999645 0.14559265358979311955 0.046942
10 10000 3.09560000000000012932 0.04599265358979298668 0.041583
10 100000 3.12659999999999982379 0.01499265358979329221 0.043519
10 1000000 3.13505199999999994986 0.00654065358979316613 0.043725
10 10000000 3.14366680000000009443 0.00207414641020697843 0.094944
10 100000000000 3.14159229868000000607 0.00000035490979310993 1315.859351
10 10 0.40000000000000002220 2.74159265358979320482 0.039070
10 100000000000 3.14159228771999998742 0.00000036586979312858 1313.842988
10 100 2.52000000000000001776 0.62159265358979309823 0.057153
10 10 0.00000000000000000000 3.14159265358979311600 0.045351
10 1000 3.01600000000000001421 0.12559265358979310179 0.055035
10 100 2.43999999999999994671 0.70159265358979316929 0.051109
10 10000 3.10639999999999982805 0.03519265358979328795 0.043084
10 1000 3.00800000000000000711 0.13359265358979310889 0.035066
10 100000 3.12647999999999992582 0.01511265358979319018 0.055088
10 10000 3.11160000000000014353 0.02999265358979297247 0.055328
10 100000000 3.14167395999999987666 0.00008130641020676066 0.644435
10 1000000 3.13470400000000015694 0.00688865358979295905 0.057071
10 100000 3.12656000000000000583 0.01503265358979311017 0.044149
10 1000000 3.13462400000000007694 0.00696865358979303906 0.041052
10 10000000 3.14366240000000018995 0.00206974641020707395 0.098360
10 100000000000 3.14159203559999999911 0.00000061798979311689 1297.950788
10 10000000 3.14329320000000000945 0.00170054641020689346 0.115066
10 10 0.40000000000000002220 2.74159265358979320482 0.043007
10 1000000000 3.14166651999999979594 0.00007386641020667994 6.408292
10 100000000000 3.14159201132000021062 0.00000064226979290538 1291.331856
10 100 2.35999999999999987566 0.78159265358979324034 0.071063
10 1000 3.02000000000000001776 0.12159265358979309823 0.054976
10 10 0.40000000000000002220 2.74159265358979320482 0.071520
10 10000 3.11039999999999983160 0.03119265358979328440 0.070975
10 100 2.43999999999999994671 0.70159265358979316929 0.079248
10 100000 3.12531999999999987594 0.01627265358979324006 0.051323
10 1000 3.02000000000000001776 0.12159265358979309823 0.066120
10 1000000 3.13495200000000018292 0.00664065358979293308 0.067605
10 10000 3.10559999999999991616 0.03599265358979319984 0.068975
10 100000 3.12519999999999997797 0.01639265358979313802 0.058013
10 1000000 3.13453600000000021097 0.00705665358979290502 0.051238
10 10000000 3.14335679999999983991 0.00176414641020672391 0.159160
10 100000000 3.14154480000000013717 0.00004785358979297882 0.952508
10 10000000 3.14338480000000020098 0.00179214641020708498 0.143320
10 100000000000 3.14159204204000008787 0.00000061154979302813 1324.355090
10 100000000 3.14155036000000009722 0.00004229358979301878 1.067036
10 10 0.00000000000000000000 3.14159265358979311600 0.078991
10 100 2.39999999999999991118 0.74159265358979320482 0.087018
10 1000 3.02800000000000002487 0.11359265358979309113 0.087768
10 10000 3.11240000000000005542 0.02919265358979306058 0.067086
10 100000 3.12704000000000004178 0.01455265358979307422 0.071040
10 1000000 3.13374800000000020006 0.00784465358979291594 0.067260
10 100000000 3.14162711999999988421 0.00003446641020676822 1.167890
10 10000000 3.14322759999999989944 0.00163494641020678344 0.174887
10 100000000 3.14166792000000016927 0.00007526641020705327 1.284347
10 100000000 3.14164443999999987156 0.00005178641020675556 1.295014
10 1000000000 3.14167268399999999318 0.00008003041020687718 11.219318
10 1000000000 3.14166602799999994389 0.00007337441020682789 11.674901
10 1000000000 3.14167434400000011863 0.00008169041020700263 11.581252
10 1000000000 3.14167667599999989037 0.00008402241020677437 11.645252
10 1000000000 3.14167395200000010291 0.00008129841020698692 11.568281
10 1000000000 3.14166117200000005738 0.00006851841020694138 11.161119
10 100000000000 3.14159201315999991877 0.00000064042979319723 1317.124022
10 10 0.40000000000000002220 2.74159265358979320482 0.058931
10 100 2.35999999999999987566 0.78159265358979324034 0.067389
10 1000 3.01200000000000001066 0.12959265358979310534 0.071010
10 10000 3.10199999999999986855 0.03959265358979324745 0.066897
10 100000 3.12571999999999983189 0.01587265358979328411 0.063202
10 1000000 3.13541200000000008785 0.00618065358979302815 0.079315
10 10000000 3.14333200000000001495 0.00173934641020689895 0.223295
10 100000000 3.14160356000000007271 0.00001090641020695671 1.503038
10 1000000000 3.14166407999999997003 0.00007142641020685403 12.771755
10 10000000000 3.14159221239999997266 0.00000044118979314334 116.367524
10 10000000000 3.14159261200000017311 0.00000004158979294289 119.776380
10 10000000000 3.14159246760000021581 0.00000018598979290019 117.129073
10 10000000000 3.14159252040000014361 0.00000013318979297239 118.954459
10 10000000000 3.14159202200000020611 0.00000063158979290989 115.455376
10 10000000000 3.14159181800000020246 0.00000083558979291354 117.070013
10 10000000000 3.14159157040000014405 0.00000108318979297195 118.589390
10 10000000000 3.14159268640000011175 0.00000003281020699575 119.994413
10 10000000000 3.14159249159999998113 0.00000016198979313486 120.133634
10 100000000000 3.14159228595999984179 0.00000036762979327420 2121.146779
10 10 0.40000000000000002220 2.74159265358979320482 0.079007
10 100 2.43999999999999994671 0.70159265358979316929 0.063183
10 1000 3.00800000000000000711 0.13359265358979310889 0.065465
10 10000 3.10679999999999978400 0.03479265358979333200 0.067295
10 100000 3.12795999999999985164 0.01363265358979326436 0.044697
10 1000000 3.13484799999999985687 0.00674465358979325913 0.105043
10 10000000 3.14323199999999980392 0.00163934641020668792 0.234971
10 100000000 3.14167767999999991702 0.00008502641020680102 1.393331
10 1000000000 3.14166396800000002898 0.00007131441020691298 14.136570
10 10000000000 3.14159190519999986790 0.00000074838979324809 145.110998
10 100000000000 3.14159228264000001118 0.00000037094979310481 1259.975999
10 10 0.00000000000000000000 3.14159265358979311600 0.068991
10 100 2.43999999999999994671 0.70159265358979316929 0.057111
10 1000 3.00000000000000000000 0.14159265358979311600 0.073103
10 10000 3.09799999999999986500 0.04359265358979325100 0.053440
10 100000 3.12772000000000005571 0.01387265358979306029 0.055216
10 1000000 3.13490000000000001990 0.00669265358979309610 0.076121
10 10000000 3.14330679999999995644 0.00171414641020684044 0.146947
10 100000000 3.14159547999999988477 0.00000282641020676877 0.862964
10 100000000000 3.14159232351999984090 0.00000033006979327510 1254.796776
10 10 0.40000000000000002220 2.74159265358979320482 0.079061
10 100 2.52000000000000001776 0.62159265358979309823 0.071351
10 1000 3.02800000000000002487 0.11359265358979309113 0.055069
10 10000 3.10320000000000018048 0.03839265358979293552 0.063049
10 100000 3.12611999999999978783 0.01547265358979332817 0.055017
10 1000000 3.13459999999999983089 0.00699265358979328511 0.059064
10 10000000 3.14330959999999981491 0.00171694641020669891 0.147280
10 100000000 3.14157595999999994518 0.00001669358979317082 0.877254
10 100000000000 3.14159228828000003375 0.00000036530979308225 1246.084253
10 10 0.40000000000000002220 2.74159265358979320482 0.053229
10 100 2.56000000000000005329 0.58159265358979306271 0.075303
10 1000 3.03200000000000002842 0.10959265358979308758 0.067254
10 10000 3.10440000000000004832 0.03719265358979306768 0.065113
10 100000 3.12720000000000020179 0.01439265358979291420 0.055037
10 1000000 3.13496800000000019892 0.00662465358979291707 0.075301
10 10000000 3.14348239999999989891 0.00188974641020678291 0.157996
10 100000000 3.14164412000000003999 0.00005146641020692400 1.030246
10 100000000000 3.14159226535999991370 0.00000038822979320230 1249.903320
10 10 0.40000000000000002220 2.74159265358979320482 0.065480
10 100 2.43999999999999994671 0.70159265358979316929 0.055276
10 1000 3.02800000000000002487 0.11359265358979309113 0.066992
10 10000 3.10959999999999991971 0.03199265358979319629 0.055003
10 100000 3.12584000000000017394 0.01575265358979294206 0.054930
10 1000000 3.13406800000000007600 0.00752465358979304000 0.073694
10 10000000 3.14342759999999987741 0.00183494641020676141 0.165045
10 100000000 3.14165588000000006730 0.00006322641020695130 1.032494
10 1000000000 3.14166529199999988720 0.00007263841020677120 8.378117
10 1000000000 3.14167607999999987101 0.00008342641020675501 8.925634
10 100000000000 3.14159201863999992810 0.00000063494979318790 1256.591634
10 10 0.40000000000000002220 2.74159265358979320482 0.054984
10 100 2.56000000000000005329 0.58159265358979306271 0.065328
10 1000 3.02400000000000002132 0.11759265358979309468 0.075077
10 10000 3.10599999999999987210 0.03559265358979324390 0.069355
10 100000 3.12584000000000017394 0.01575265358979294206 0.067723
10 1000000 3.13518400000000019290 0.00640865358979292310 0.054323
10 10000000 3.14366240000000018995 0.00206974641020707395 0.142639
10 1000000000 3.14166503999999990882 0.00007238641020679282 8.943992
10 100000000 3.14155703999999991183 0.00003561358979320417 1.133314
10 1000000000 3.14166519200000005085 0.00007253841020693486 9.243124
10 100000000000 3.14159229215999991069 0.00000036142979320530 1257.822771
10 10 0.00000000000000000000 3.14159265358979311600 0.045446
10 100 2.47999999999999998224 0.66159265358979313376 0.085392
10 1000 3.00000000000000000000 0.14159265358979311600 0.083314
10 10000 3.10760000000000013998 0.03399265358979297602 0.065827
10 100000 3.12699999999999977973 0.01459265358979333627 0.073356
10 1000000 3.13490000000000001990 0.00669265358979309610 0.076999
10 10000000 3.14341399999999993042 0.00182134641020681443 0.170993
10 100000000000 3.14159231415999995463 0.00000033942979316137 1263.308831
10 10 0.40000000000000002220 2.74159265358979320482 0.071055
10 100 2.52000000000000001776 0.62159265358979309823 0.067048
10 1000 3.02400000000000002132 0.11759265358979309468 0.067010
10 10000 3.11280000000000001137 0.02879265358979310463 0.075058
10 100000000 3.14163504000000015637 0.00004238641020704037 1.141181
10 100000 3.12528000000000005798 0.01631265358979305802 0.083299
10 1000000 3.13518400000000019290 0.00640865358979292310 0.091046
10 10000000 3.14309279999999979793 0.00150014641020668194 0.192033
10 100000000 3.14159976000000007446 0.00000710641020695846 1.347016
10 100000000000 3.14159200476000011193 0.00000064882979300407 1264.725339
10 10 0.40000000000000002220 2.74159265358979320482 0.095040
10 100 2.39999999999999991118 0.74159265358979320482 0.075070
10 1000 3.03200000000000002842 0.10959265358979308758 0.071092
10 10000 3.09799999999999986500 0.04359265358979325100 0.081491
10 100000 3.12880000000000002558 0.01279265358979309042 0.073113
10 1000000 3.13421599999999989095 0.00737665358979322505 0.104182
10 10000000 3.14334680000000021849 0.00175414641020710249 0.223048
10 100000000 3.14154676000000021574 0.00004589358979290026 1.459463
10 1000000000 3.14168249999999993349 0.00008984641020681750 11.071432
10 1000000000 3.14166503999999990882 0.00007238641020679282 13.027046
10 1000000000 3.14167650800000020084 0.00008385441020708484 13.040726
10 1000000000 3.14166412000000017102 0.00007146641020705502 12.935845
10 100000000000 3.14159201387999997834 0.00000063970979313765 1246.724892
10 10 0.40000000000000002220 2.74159265358979320482 0.066960
10 100 2.43999999999999994671 0.70159265358979316929 0.075001
10 1000 3.00800000000000000711 0.13359265358979310889 0.066888
10 10000 3.10040000000000004476 0.04119265358979307123 0.083121
10 100000 3.12896000000000018559 0.01263265358979293040 0.074766
10 1000000 3.13563599999999986778 0.00595665358979324822 0.064673
10 10000000 3.14331080000000007146 0.00171814641020695547 0.211045
10 100000000 3.14159855999999981790 0.00000590641020670191 1.440926
10 1000000000 3.14167219600000002799 0.00007954241020691200 13.963070
10 10000000000 3.14159206360000009539 0.00000058998979302061 126.724062
10 10000000000 3.14159228119999989204 0.00000037238979322396 129.734655
10 10000000000 3.14159157040000014405 0.00000108318979297195 131.491107
10 10000000000 3.14159281159999981270 0.00000015801020669670 132.479412
10 10000000000 3.14159242880000011411 0.00000022478979300189 132.662993
10 10000000000 3.14159203080000004604 0.00000062278979306996 128.251175
10 10000000000 3.14159258440000010992 0.00000006918979300607 131.638728
10 10000000000 3.14159173520000001290 0.00000091838979310310 130.109281
10 10000000000 3.14159246160000016346 0.00000019198979295254 130.652633
10 100000000000 3.14159228988000016614 0.00000036370979294986 1313.702120
10 10 0.40000000000000002220 2.74159265358979320482 0.062910
10 100 2.52000000000000001776 0.62159265358979309823 0.071018
10 1000 3.01200000000000001066 0.12959265358979310534 0.058997
10 10000 3.11280000000000001137 0.02879265358979310463 0.063053
10 100000 3.12455999999999978201 0.01703265358979333399 0.067019
10 1000000 3.13543200000000021888 0.00616065358979289712 0.075001
10 10000000 3.14345039999999986691 0.00185774641020675091 0.195830
10 100000000 3.14160596000000014172 0.00001330641020702572 1.467080
10 1000000000 3.14166693999999990794 0.00007428641020679194 13.452765
10 10000000000 3.14159241559999991011 0.00000023798979320588 138.115304
10 100000000000 3.14159202403999993081 0.00000062954979318519 1310.873771
10 10 0.40000000000000002220 2.74159265358979320482 0.078971
10 100 2.56000000000000005329 0.58159265358979306271 0.070916
10 1000 3.01600000000000001421 0.12559265358979310179 0.071027
10 10000 3.11319999999999996732 0.02839265358979314868 0.071000
10 100000 3.12871999999999994557 0.01287265358979317043 0.074974
10 1000000 3.13451600000000007995 0.00707665358979303605 0.085202
10 10000000 3.14331639999999978841 0.00172374641020667241 0.155418
10 100000000 3.14156411999999995999 0.00002853358979315601 1.079313
10 100000000000 3.14159230600000016764 0.00000034758979294836 1308.078858
10 10 0.00000000000000000000 3.14159265358979311600 0.068390
10 100 2.47999999999999998224 0.66159265358979313376 0.082995
10 1000 2.96399999999999996803 0.17759265358979314797 0.058476
10 10000 3.10999999999999987566 0.03159265358979324034 0.082959
10 100000 3.12607999999999996987 0.01551265358979314612 0.075003
10 1000000 3.13519199999999997885 0.00640065358979313714 0.095022
10 10000000 3.14326080000000018799 0.00166814641020707199 0.170837
10 100000000 3.14160612000000005750 0.00001346641020694150 1.086017
10 1000000000 3.14167418800000008972 0.00008153441020697372 9.930755
10 100000000000 3.14159202100000012337 0.00000063258979299263 1315.391810
10 10 0.00000000000000000000 3.14159265358979311600 0.062958
10 100 2.43999999999999994671 0.70159265358979316929 0.071335
10 1000000000 3.14167179199999990757 0.00007913841020679158 9.562971
10 1000 2.99199999999999999289 0.14959265358979312310 0.078973
10 10000 3.10320000000000018048 0.03839265358979293552 0.083009
10 100000 3.12556000000000011596 0.01603265358979300004 0.050974
10 1000000 3.13547600000000015186 0.00611665358979296414 0.071001
10 10000000 3.14314120000000007948 0.00154854641020696349 0.148819
10 100000000 3.14162347999999980175 0.00003082641020668575 1.075188
10 100000000000 3.14159202403999993081 0.00000062954979318519 1314.929504
10 10 0.40000000000000002220 2.74159265358979320482 0.077134
10 100 2.56000000000000005329 0.58159265358979306271 0.051319
10 1000 3.04000000000000003553 0.10159265358979308047 0.083046
10 10000 3.10519999999999996021 0.03639265358979315579 0.075092
10 100000 3.12848000000000014964 0.01311265358979296636 0.059595
10 1000000 3.13510799999999978382 0.00648465358979333217 0.075032
10 10000000 3.14326399999999983592 0.00167134641020671992 0.178059
10 100000000 3.14161235999999988167 0.00001970641020676567 1.159043
10 100000000000 3.14159202064000009358 0.00000063294979302242 1309.392910
10 10 0.40000000000000002220 2.74159265358979320482 0.055024
10 100 2.56000000000000005329 0.58159265358979306271 0.052762
10 1000 3.00000000000000000000 0.14159265358979311600 0.071058
10 10000 3.09839999999999982094 0.04319265358979329505 0.059098
10 100000 3.12627999999999994785 0.01531265358979316815 0.067330
10 1000000 3.13584800000000019082 0.00574465358979292517 0.068904
10 10000000 3.14359879999999991540 0.00200614641020679940 0.129270
10 1000000000 3.14167356000000008720 0.00008090641020697120 9.073946
10 100000000 3.14163876000000019673 0.00004610641020708073 1.045497
10 100000000000 3.14159228288000003104 0.00000037070979308496 1306.923067
10 10 0.00000000000000000000 3.14159265358979311600 0.075008
10 100 2.52000000000000001776 0.62159265358979309823 0.075071
10 1000 3.02800000000000002487 0.11359265358979309113 0.073214
10 10000 3.11399999999999987921 0.02759265358979323679 0.077236
10 100000 3.12503999999999981796 0.01655265358979329804 0.099081
10 1000000 3.13455199999999978289 0.00704065358979333311 0.079025
10 10000000 3.14331519999999997594 0.00172254641020685995 0.159317
10 100000000 3.14165332000000008250 0.00006066641020696650 1.253785
10 1000000000 3.14166960799999994691 0.00007695441020683091 9.957980
10 100000000000 3.14159228828000003375 0.00000036530979308225 1310.174523
10 10 0.00000000000000000000 3.14159265358979311600 0.062993
10 100 2.47999999999999998224 0.66159265358979313376 0.070965
10 1000 3.04400000000000003908 0.09759265358979307692 0.067004
10 10000 3.10559999999999991616 0.03599265358979319984 0.069295
10 100000 3.12559999999999993392 0.01599265358979318208 0.067514
10 1000000 3.13493999999999983785 0.00665265358979327814 0.091040
10 10000000 3.14342759999999987741 0.00183494641020676141 0.191028
10 100000000 3.14160183999999986781 0.00000918641020675182 1.326984
10 100000000000 3.14159230536000011469 0.00000034822979300131 1324.047060
10 10 0.40000000000000002220 2.74159265358979320482 0.077666
10 100 2.47999999999999998224 0.66159265358979313376 0.058856
10 1000 3.03200000000000002842 0.10959265358979308758 0.082981
10 10000 3.10239999999999982450 0.03919265358979329150 0.067023
10 100000 3.12455999999999978201 0.01703265358979333399 0.075054
10 1000000 3.13562800000000008183 0.00596465358979303417 0.075048
10 1000000000 3.14167497999999989489 0.00008232641020677889 10.751695
10 10000000 3.14331959999999988042 0.00172694641020676443 0.195074
10 100000000 3.14153035999999996619 0.00006229358979314981 1.499043
10 1000000000 3.14166731999999981895 0.00007466641020670295 12.410233
10 1000000000 3.14166822400000000926 0.00007557041020689326 12.286521
10 1000000000 3.14165443999999993707 0.00006178641020682107 12.795104
10 100000000000 3.14159231004000005782 0.00000034354979305817 1305.179699
10 10 0.00000000000000000000 3.14159265358979311600 0.107154
10 100 2.43999999999999994671 0.70159265358979316929 0.070728
10 1000 3.01600000000000001421 0.12559265358979310179 0.074898
10 10000 3.10040000000000004476 0.04119265358979307123 0.075247
10 100000 3.12812000000000001165 0.01347265358979310435 0.075050
10 1000000 3.13592400000000015581 0.00566865358979296019 0.063255
10 10000000 3.14326920000000020750 0.00167654641020709150 0.216976
10 100000000 3.14156075999999995219 0.00003189358979316381 1.519042
10 1000000000 3.14166108399999988166 0.00006843041020676566 13.879771
10 10000000000 3.14159288719999985062 0.00000023361020673462 122.522615
10 10000000000 3.14159219360000019350 0.00000045998979292250 125.524072
10 10000000000 3.14159213280000004787 0.00000052078979306813 129.251192
10 10000000000 3.14159242639999991553 0.00000022718979320047 132.536224
10 10000000000 3.14159168479999983958 0.00000096878979327641 130.821966
10 10000000000 3.14159246760000021581 0.00000018598979290019 132.198739
10 10000000000 3.14159229440000009603 0.00000035918979301997 131.472696
10 10000000000 3.14159271479999979704 0.00000006121020668104 132.154683
10 10000000000 3.14159241720000004250 0.00000023638979307350 131.590821
10 100000000000 3.14159200771999991275 0.00000064586979320325 1294.725309
10 10 0.40000000000000002220 2.74159265358979320482 0.063199
10 100 2.52000000000000001776 0.62159265358979309823 0.071202
10 1000 3.02000000000000001776 0.12159265358979309823 0.058983
10 10000 3.09080000000000021387 0.05079265358979290212 0.063016
10 100000 3.12743999999999999773 0.01415265358979311827 0.071035
10 1000000 3.13547600000000015186 0.00611665358979296414 0.051290
10 10000000 3.14335800000000009646 0.00176534641020698047 0.196585
10 100000000 3.14163796000000017372 0.00004530641020705772 1.527044
10 1000000000 3.14167089999999982197 0.00007824641020670597 14.008135
10 10000000000 3.14159248800000012736 0.00000016558979298864 134.932748
10 100000000000 3.14159200040000019527 0.00000065318979292073 1321.234768
10 100000000000 3.14159229727999989024 0.00000035630979322576 1320.588785
10 10 0.40000000000000002220 2.74159265358979320482 0.066905
10 100 2.43999999999999994671 0.70159265358979316929 0.079001
10 10 0.40000000000000002220 2.74159265358979320482 0.078971
10 1000 3.06400000000000005684 0.07759265358979305915 0.079038
10 100 2.52000000000000001776 0.62159265358979309823 0.078953
10 10000 3.10080000000000000071 0.04079265358979311529 0.071062
10 1000 3.01200000000000001066 0.12959265358979310534 0.083041
10 100000 3.12619999999999986784 0.01539265358979324816 0.071082
10 10000 3.11079999999999978755 0.03079265358979332845 0.081180
10 1000000 3.13631999999999999673 0.00527265358979311927 0.091078
10 100000 3.12455999999999978201 0.01703265358979333399 0.069405
10 1000000 3.13535200000000013887 0.00624065358979297713 0.087044
10 10000000 3.14316120000000021051 0.00156854641020709451 0.154986
10 10000000 3.14311840000000008999 0.00152574641020697399 0.183055
10 100000000 3.14163647999999984251 0.00004382641020672651 1.135020
10 100000000 3.14167079999999998563 0.00007814641020686963 1.148614
10 100000000000 3.14159201891999995127 0.00000063466979316473 1311.422719
10 10 0.40000000000000002220 2.74159265358979320482 0.078938
10 100 2.47999999999999998224 0.66159265358979313376 0.074987
10 1000 3.04800000000000004263 0.09359265358979307337 0.061913
10 10000 3.10320000000000018048 0.03839265358979293552 0.067285
10 100000 3.12647999999999992582 0.01511265358979319018 0.067285
10 1000000 3.13526799999999994384 0.00632465358979317216 0.073449
10 10000000 3.14335679999999983991 0.00176414641020672391 0.153921
10 100000000 3.14165459999999985286 0.00006194641020673686 1.124432
10 1000000000 3.14168615999999989441 0.00009350641020677841 9.926881
10 1000000000 3.14168198399999987203 0.00008933041020675603 10.018376
10 1000000000 3.14166751200000016198 0.00007485841020704598 9.076660
10 100000000000 3.14159231219999979245 0.00000034138979332354 1312.390920
10 10 0.00000000000000000000 3.14159265358979311600 0.058962
10 100 2.47999999999999998224 0.66159265358979313376 0.085184
10 1000 3.01600000000000001421 0.12559265358979310179 0.091041
10 10000 3.10000000000000008882 0.04159265358979302718 0.068319
10 100000 3.12732000000000009976 0.01427265358979301624 0.059868
10 1000000 3.13496800000000019892 0.00662465358979291707 0.059033
10 100000000000 3.14159204180000006801 0.00000061178979304799 1303.391831
10 10 0.40000000000000002220 2.74159265358979320482 0.055057
10 10000000 3.14354159999999982489 0.00194894641020670889 0.143681
10 100 2.52000000000000001776 0.62159265358979309823 0.051049
10 1000 3.04400000000000003908 0.09759265358979307692 0.078405
10 10000 3.09480000000000021743 0.04679265358979289857 0.061662
10 100000 3.12672000000000016584 0.01487265358979295016 0.065635
10 1000000 3.13489599999999990487 0.00669665358979321113 0.075040
10 10000000 3.14359879999999991540 0.00200614641020679940 0.191004
10 100000000 3.14159547999999988477 0.00000282641020676877 1.056068
10 100000000 3.14154111999999985372 0.00005153358979326228 1.257939
10 100000000000 3.14159228268000001449 0.00000037090979310150 1322.838714
10 10 0.40000000000000002220 2.74159265358979320482 0.082971
10 100 2.43999999999999994671 0.70159265358979316929 0.071051
10 1000 3.02800000000000002487 0.11359265358979309113 0.079286
10 10000 3.09759999999999990905 0.04399265358979320695 0.081174
10 100000 3.12431999999999998607 0.01727265358979312992 0.067264
10 1000000 3.13461999999999996191 0.00697265358979315408 0.079310
10 10000000 3.14333960000000001145 0.00174694641020689545 0.173317
10 100000000 3.14155980000000001340 0.00003285358979310260 1.283539
10 1000000000 3.14166424400000021677 0.00007159041020710077 10.975705
10 1000000000 3.14166928399999978438 0.00007663041020666839 10.822068
10 100000000000 3.14159201028000012457 0.00000064330979299143 1311.720450
10 10 0.40000000000000002220 2.74159265358979320482 0.078970
10 100 2.47999999999999998224 0.66159265358979313376 0.078957
10 1000 3.00000000000000000000 0.14159265358979311600 0.071057
10 10000 3.10599999999999987210 0.03559265358979324390 0.059017
10 100000 3.12632000000000020989 0.01527265358979290610 0.067267
10 1000000 3.13543200000000021888 0.00616065358979289712 0.057064
10 10000000 3.14296679999999994948 0.00137414641020683348 0.222984
10 100000000 3.14159976000000007446 0.00000710641020695846 1.255959
10 1000000000 3.14166781200000011509 0.00007515841020699909 10.730669
10 100000000000 3.14159228944000012973 0.00000036414979298627 1325.206692
10 10 0.40000000000000002220 2.74159265358979320482 0.086936
10 100 2.56000000000000005329 0.58159265358979306271 0.065457
10 1000 3.00000000000000000000 0.14159265358979311600 0.079012
10 10000 3.09560000000000012932 0.04599265358979298668 0.070992
10 100000 3.12488000000000010203 0.01671265358979301396 0.083003
10 1000000 3.13510799999999978382 0.00648465358979333217 0.071003
10 10000000 3.14318400000000020000 0.00159134641020708401 0.206983
10 100000000 3.14165467999999981075 0.00006202641020669475 1.439208
10 100000000000 3.14159231200000022000 0.00000034158979289600 1306.293135
10 10 0.40000000000000002220 2.74159265358979320482 0.085465
10 100 2.56000000000000005329 0.58159265358979306271 0.073663
10 1000 3.02000000000000001776 0.12159265358979309823 0.073198
10 10000 3.10440000000000004832 0.03719265358979306768 0.061570
10 100000 3.12891999999999992355 0.01267265358979319245 0.079282
10 1000000 3.13547600000000015186 0.00611665358979296414 0.095012
10 10000000 3.14332240000000018298 0.00172974641020706699 0.187291
10 1000000000 3.14167168399999985340 0.00007903041020673740 12.730927
10 100000000 3.14160183999999986781 0.00000918641020675182 1.503641
10 1000000000 3.14167764000000016011 0.00008498641020704412 12.935193
10 1000000000 3.14167426400000016073 0.00008161041020704474 13.843075
10 10000000000 3.14159267279999987466 0.00000001921020675866 121.010277
10 10000000000 3.14159274480000005880 0.00000009121020694280 124.452183
10 10000000000 3.14159185920000005865 0.00000079438979305735 126.468609
10 10000000000 3.14159221239999997266 0.00000044118979314334 132.464337
10 10000000000 3.14159224799999980959 0.00000040558979330640 132.563534
10 10000000000 3.14159204160000005146 0.00000061198979306454 130.531706
10 10000000000 3.14159276439999990416 0.00000011081020678816 132.318360
10 10000000000 3.14159230480000006835 0.00000034878979304764 132.601058
10 10000000000 3.14159309960000010520 0.00000044601020698920 133.574856
10 100000000000 3.14159228567999981863 0.00000036790979329737 1293.293939
10 10 0.40000000000000002220 2.74159265358979320482 0.074998
10 100 2.52000000000000001776 0.62159265358979309823 0.068771
10 1000 3.00800000000000000711 0.13359265358979310889 0.083281
10 10000 3.10239999999999982450 0.03919265358979329150 0.071285
10 100000 3.12568000000000001393 0.01591265358979310207 0.056562
10 1000000 3.13494800000000006790 0.00664465358979304810 0.055297
10 10000000 3.14333440000000008396 0.00174174641020696797 0.255780
10 100000000 3.14168235999999989616 0.00008970641020678016 1.396921
10 1000000000 3.14166731999999981895 0.00007466641020670295 14.223937
10 10000000000 3.14159194959999998886 0.00000070398979312714 138.968201
10 100000000000 3.14159202923999991697 0.00000062434979319903 1322.213863
10 10 0.40000000000000002220 2.74159265358979320482 0.070966
10 100 2.52000000000000001776 0.62159265358979309823 0.078981
10 1000 3.01600000000000001421 0.12559265358979310179 0.074929
10 10000 3.10320000000000018048 0.03839265358979293552 0.060090
10 100000 3.12460000000000004405 0.01699265358979307194 0.079001
10 1000000 3.13516400000000006187 0.00642865358979305412 0.083007
10 10000000 3.14352359999999997342 0.00193094641020685742 0.162449
10 100000000000 3.14159229972000009212 0.00000035386979302388 1311.556932
10 10 0.40000000000000002220 2.74159265358979320482 0.070988
10 100 2.56000000000000005329 0.58159265358979306271 0.070977
10 1000 3.00800000000000000711 0.13359265358979310889 0.071245
10 10000 3.10320000000000018048 0.03839265358979293552 0.055049
10 100000 3.12812000000000001165 0.01347265358979310435 0.059467
10 100000000 3.14161059999999991987 0.00001794641020680388 1.195257
10 1000000 3.13441999999999998394 0.00717265358979313206 0.071038
10 10000000 3.14319360000000003197 0.00160094641020691597 0.167759
10 100000000 3.14156579999999996389 0.00002685358979315211 1.227297
10 100000000000 3.14159201687999978247 0.00000063670979333352 1327.382085
10 10 0.40000000000000002220 2.74159265358979320482 0.074950
10 100 2.43999999999999994671 0.70159265358979316929 0.082914
10 1000 3.01200000000000001066 0.12959265358979310534 0.074992
10 10000 3.10760000000000013998 0.03399265358979297602 0.075009
10 100000 3.12372000000000005215 0.01787265358979306384 0.089249
10 1000000 3.13458000000000014396 0.00701265358979297204 0.082345
10 10000000 3.14331959999999988042 0.00172694641020676443 0.172143
10 100000000 3.14160596000000014172 0.00001330641020702572 1.107669
10 1000000000 3.14167356799999986094 0.00008091441020674495 10.517993
10 1000000000 3.14165672400000017817 0.00006407041020706217 10.483000
10 1000000000 3.14167024400000016726 0.00007759041020705126 9.846875
10 100000000000 3.14159204148000004153 0.00000061210979307447 1310.746885
10 10 0.40000000000000002220 2.74159265358979320482 0.061038
10 100 2.47999999999999998224 0.66159265358979313376 0.062998
10 1000 3.01200000000000001066 0.12959265358979310534 0.070997
10 10000 3.10360000000000013642 0.03799265358979297957 0.065497
10 100000 3.12792000000000003368 0.01367265358979308232 0.059879
10 1000000 3.13544400000000011985 0.00614865358979299614 0.079274
10 10000000 3.14358760000000003743 0.00199494641020692143 0.171053
10 100000000000 3.14159200775999991606 0.00000064582979319994 1309.873666
10 10 0.40000000000000002220 2.74159265358979320482 0.047224
10 100 2.52000000000000001776 0.62159265358979309823 0.069324
10 100000000 3.14165467999999981075 0.00006202641020669475 1.104961
10 1000 3.03200000000000002842 0.10959265358979308758 0.069132
10 10000 3.10999999999999987566 0.03159265358979324034 0.063303
10 100000 3.12500000000000000000 0.01659265358979311600 0.062993
10 1000000 3.13521599999999978081 0.00637665358979333519 0.079063
10 100000000000 3.14159228567999981863 0.00000036790979329737 1297.168050
10 10000000 3.14335519999999979390 0.00176254641020667790 0.189949
10 10 0.00000000000000000000 3.14159265358979311600 0.067072
10 100 2.52000000000000001776 0.62159265358979309823 0.067914
10 1000 2.99599999999999999645 0.14559265358979311955 0.066520
10 10000 3.10320000000000018048 0.03839265358979293552 0.077184
10 100000 3.12767999999999979366 0.01391265358979332234 0.071051
10 1000000 3.13549999999999995381 0.00609265358979316218 0.095324
10 10000000 3.14349880000000014846 0.00190614641020703246 0.171014
10 100000000 3.14151895999999997144 0.00007369358979314455 1.295296
10 100000000 3.14164760000000020668 0.00005494641020709068 1.257565
10 100000000000 3.14159200020000017872 0.00000065338979293728 1324.157268
10 10 0.00000000000000000000 3.14159265358979311600 0.074954
10 100 2.43999999999999994671 0.70159265358979316929 0.082948
10 1000 3.01200000000000001066 0.12959265358979310534 0.071242
10 10000 3.10720000000000018403 0.03439265358979293197 0.059283
10 100000 3.12911999999999990152 0.01247265358979321448 0.085120
10 1000000000 3.14166602799999994389 0.00007337441020682789 11.139307
10 1000000 3.13556400000000001782 0.00602865358979309818 0.095062
10 10000000 3.14350599999999991141 0.00191334641020679541 0.199810
10 100000000 3.14159844000000010311 0.00000578641020698711 1.338194
10 1000000000 3.14166434400000005311 0.00007169041020693712 11.590442
10 1000000000 3.14166216399999997932 0.00006951041020686333 11.683199
10 100000000000 3.14159229488000013575 0.00000035870979298025 1314.878817
10 10 0.40000000000000002220 2.74159265358979320482 0.066979
10 100 2.43999999999999994671 0.70159265358979316929 0.079308
10 1000 2.99599999999999999645 0.14559265358979311955 0.075311
10 10000 3.10639999999999982805 0.03519265358979328795 0.075075
10 100000 3.12508000000000008001 0.01651265358979303599 0.071337
10 1000000 3.13512399999999979983 0.00646865358979331617 0.087320
10 10000000 3.14366680000000009443 0.00207414641020697843 0.211078
10 1000000000 3.14166081999999979857 0.00006816641020668257 12.044829
10 100000000 3.14166792000000016927 0.00007526641020705327 1.401259
10 100000000000 3.14159204712000006410 0.00000060646979305190 1308.755608
10 10 0.40000000000000002220 2.74159265358979320482 0.095033
10 100 2.52000000000000001776 0.62159265358979309823 0.058974
10 1000 3.00800000000000000711 0.13359265358979310889 0.059242
10 10000 3.10239999999999982450 0.03919265358979329150 0.095313
10 100000 3.12820000000000009166 0.01339265358979302434 0.074052
10 1000000 3.13413599999999981094 0.00745665358979330506 0.087291
10 10000000 3.14327559999999994744 0.00168294641020683144 0.239751
10 100000000 3.14153035999999996619 0.00006229358979314981 1.522772
10 1000000000 3.14166874399999995759 0.00007609041020684160 14.091051
10 1000000000 3.14167399199999985981 0.00008133841020674382 13.453740
10 10000000000 3.14159235679999992996 0.00000029678979318604 123.993834
10 10000000000 3.14159281159999981270 0.00000015801020669670 123.684728
10 10000000000 3.14159196319999978186 0.00000069038979333413 126.027095
10 10000000000 3.14159237879999997389 0.00000027478979314211 129.319177
10 10000000000 3.14159203200000014533 0.00000062158979297067 130.690455
10 10000000000 3.14159258920000006299 0.00000006438979305301 133.641002
10 10000000000 3.14159211599999999009 0.00000053758979312590 131.285873
10 10000000000 3.14159263880000017011 0.00000001478979294589 132.194383
10 10000000000 3.14159190519999986790 0.00000074838979324809 132.886685
10 100000000000 3.14159228964000014628 0.00000036394979296972 1289.992543
10 10 0.40000000000000002220 2.74159265358979320482 0.066995
10 100 2.43999999999999994671 0.70159265358979316929 0.075058
10 1000 3.01200000000000001066 0.12959265358979310534 0.075032
10 10000 3.10080000000000000071 0.04079265358979311529 0.095021
10 100000 3.12483999999999983999 0.01675265358979327601 0.087675
10 1000000 3.13498000000000009990 0.00661265358979301610 0.093887
10 10000000 3.14312319999999978393 0.00153054641020666793 0.226831
10 100000000 3.14165007999999978949 0.00005742641020667349 1.543790
10 1000000000 3.14166396400000014211 0.00007131041020702611 14.127030
10 10000000000 3.14159233120000003225 0.00000032238979308374 139.195082
10 100000000000 3.14159229611999979426 0.00000035746979332174 1306.948833
10 10 0.40000000000000002220 2.74159265358979320482 0.054907
10 100 2.47999999999999998224 0.66159265358979313376 0.087006
10 1000 3.01200000000000001066 0.12959265358979310534 0.062209
10 10000 3.09799999999999986500 0.04359265358979325100 0.055284
10 100000 3.12652000000000018787 0.01507265358979292813 0.075015
10 1000000 3.13495599999999985386 0.00663665358979326214 0.063270
10 10000000 3.14367280000000004492 0.00208014641020692892 0.155299
10 100000000 3.14154367999999983851 0.00004897358979327748 1.098419
10 100000000000 3.14159202403999993081 0.00000062954979318519 1320.895535
10 10 0.40000000000000002220 2.74159265358979320482 0.079038
10 100 2.47999999999999998224 0.66159265358979313376 0.059091
10 1000 3.00800000000000000711 0.13359265358979310889 0.061166
10 10000 3.09799999999999986500 0.04359265358979325100 0.067318
10 100000 3.12400000000000011013 0.01759265358979300586 0.071076
10 1000000 3.13445200000000001594 0.00714065358979310005 0.071330
10 10000000 3.14342800000000011096 0.00183534641020699496 0.191314
10 100000000 3.14163504000000015637 0.00004238641020704037 1.228567
10 1000000000 3.14167765600000015169 0.00008500241020703569 10.370800
10 100000000000 3.14159204148000004153 0.00000061210979307447 1332.405812
10 10 0.40000000000000002220 2.74159265358979320482 0.063197
10 100 2.52000000000000001776 0.62159265358979309823 0.095197
10 1000 3.03600000000000003197 0.10559265358979308402 0.061642
10 10000 3.09520000000000017337 0.04639265358979294263 0.054937
10 100000 3.12400000000000011013 0.01759265358979300586 0.052645
10 1000000 3.13537199999999982580 0.00622065358979329019 0.054594
10 10000000 3.14363359999999980587 0.00204094641020668988 0.123659
10 1000000000 3.14165073200000000142 0.00005807841020688542 9.534787
10 100000000 3.14166456000000016147 0.00007190641020704547 0.892527
10 1000000000 3.14166621599999995595 0.00007356241020683996 9.059870
10 100000000000 3.14159229568000020194 0.00000035790979291406 1315.601265
10 10 0.40000000000000002220 2.74159265358979320482 0.067268
10 100 2.43999999999999994671 0.70159265358979316929 0.076774
10 1000 3.02000000000000001776 0.12159265358979309823 0.054836
10 10000 3.10440000000000004832 0.03719265358979306768 0.052576
10 100000 3.12672000000000016584 0.01487265358979295016 0.059033
10 1000000 3.13510799999999978382 0.00648465358979333217 0.063081
10 10000000 3.14324240000000010298 0.00164974641020698698 0.143325
10 100000000 3.14164588000000000179 0.00005322641020688579 0.990581
10 100000000000 3.14159201767999984867 0.00000063590979326733 1309.876356
10 10 0.40000000000000002220 2.74159265358979320482 0.079046
10 100 2.47999999999999998224 0.66159265358979313376 0.075057
10 1000 3.00400000000000000355 0.13759265358979311245 0.071073
10 10000 3.10119999999999995666 0.04039265358979315934 0.067056
10 100000 3.12959999999999993747 0.01199265358979317853 0.077413
10 1000000 3.13562800000000008183 0.00596465358979303417 0.075056
10 10000000 3.14323199999999980392 0.00163934641020668792 0.157778
10 100000000000 3.14159200159999985047 0.00000065198979326553 1315.267014
10 10 0.00000000000000000000 3.14159265358979311600 0.079005
10 100 2.52000000000000001776 0.62159265358979309823 0.079064
10 1000 3.02400000000000002132 0.11759265358979309468 0.071139
10 100000000 3.14156923999999992958 0.00002341358979318642 1.080291
10 10000 3.09759999999999990905 0.04399265358979320695 0.080015
10 100000 3.12531999999999987594 0.01627265358979324006 0.079076
10 1000000 3.13421599999999989095 0.00737665358979322505 0.085173
10 10000000 3.14340999999999981540 0.00181734641020669940 0.191318
10 100000000 3.14158691999999994948 0.00000573358979316652 1.295024
10 100000000000 3.14159205139999997414 0.00000060218979314186 1306.796809
10 10 0.40000000000000002220 2.74159265358979320482 0.070962
10 100 2.43999999999999994671 0.70159265358979316929 0.083386
10 1000 3.03200000000000002842 0.10959265358979308758 0.063287
10 10000 3.10000000000000008882 0.04159265358979302718 0.069259
10 100000 3.12707999999999985974 0.01451265358979325626 0.059278
10 1000000 3.13549999999999995381 0.00609265358979316218 0.071284
10 10000000 3.14331639999999978841 0.00172374641020667241 0.219296
10 100000000 3.14158055999999996644 0.00001209358979314956 1.330705
10 1000000000 3.14167110800000015658 0.00007845441020704058 11.102624
10 1000000000 3.14167692000000009500 0.00008426641020697900 11.432600
10 1000000000 3.14167990799999996554 0.00008725441020684954 11.938972
10 1000000000 3.14166772399999993937 0.00007507041020682337 11.346882
10 100000000000 3.14159201476000005115 0.00000063882979306484 1306.180355
10 10 0.40000000000000002220 2.74159265358979320482 0.077114
10 100 2.52000000000000001776 0.62159265358979309823 0.074616
10 1000 3.01200000000000001066 0.12959265358979310534 0.066933
10 10000 3.10320000000000018048 0.03839265358979293552 0.075112
10 100000 3.12624000000000012989 0.01535265358979298611 0.066990
10 1000000 3.13619199999999986872 0.00540065358979324728 0.087043
10 10000000 3.14330800000000021299 0.00171534641020709699 0.223060
10 100000000 3.14166227999999980725 0.00006962641020669125 1.406620
10 100000000000 3.14159198727999999790 0.00000066630979311810 1308.250808
10 10 0.00000000000000000000 3.14159265358979311600 0.083054
10 100 2.52000000000000001776 0.62159265358979309823 0.075307
10 1000 3.00800000000000000711 0.13359265358979310889 0.047306
10 10000 3.10159999999999991260 0.03999265358979320339 0.072433
10 100000 3.12616000000000004988 0.01543265358979306612 0.059266
10 1000000 3.13565599999999999881 0.00593665358979311719 0.063018
10 10000000 3.14348440000000017847 0.00189174641020706247 0.207297
10 100000000 3.14168380000000002639 0.00009114641020691039 1.586384
10 1000000000 3.14167695999999985190 0.00008430641020673590 13.867496
10 1000000000 3.14167176399999981129 0.00007911041020669529 13.716699
10 10000000000 3.14159274480000005880 0.00000009121020694280 121.571388
10 10000000000 3.14159264679999994385 0.00000000678979317215 120.836936
10 10000000000 3.14159175160000003757 0.00000090198979307843 129.030715
10 10000000000 3.14159251119999982649 0.00000014238979328951 130.330874
10 10000000000 3.14159248880000019355 0.00000016478979292245 128.764734
10 10000000000 3.14159300559999987712 0.00000035201020676112 130.365264
10 10000000000 3.14159320319999979532 0.00000054961020667932 127.915359
10 10000000000 3.14159228239999999133 0.00000037118979312467 132.022168
10 10000000000 3.14159249159999998113 0.00000016198979313486 132.851098
10 100000000000 3.14159228264000001118 0.00000037094979310481 1289.695354
10 10 0.40000000000000002220 2.74159265358979320482 0.067364
10 100 2.47999999999999998224 0.66159265358979313376 0.091052
10 1000 2.99599999999999999645 0.14559265358979311955 0.067006
10 10000 3.10040000000000004476 0.04119265358979307123 0.063308
10 100000 3.12455999999999978201 0.01703265358979333399 0.079528
10 1000000 3.13506000000000017991 0.00653265358979293609 0.071055
10 10000000 3.14327040000000001996 0.00167774641020690396 0.211309
10 100000000 3.14165784000000014586 0.00006518641020702987 1.483705
10 1000000000 3.14167121600000021076 0.00007856241020709476 14.177619
10 10000000000 3.14159234639999995764 0.00000030718979315836 137.604194
10 100000000000 3.14159229215999991069 0.00000036142979320530 1304.082699
10 10 0.40000000000000002220 2.74159265358979320482 0.089117
10 100 2.47999999999999998224 0.66159265358979313376 0.062995
10 1000 3.02800000000000002487 0.11359265358979309113 0.066968
10 10000 3.09560000000000012932 0.04599265358979298668 0.078998
10 100000 3.12435999999999980403 0.01723265358979331197 0.076286
10 1000000 3.13474399999999997490 0.00684865358979314109 0.070974
10 10000000 3.14323279999999982692 0.00164014641020671093 0.195073
10 100000000 3.14162835999999989767 0.00003570641020678167 1.352833
10 1000000000 3.14167399199999985981 0.00008133841020674382 11.261021
10 100000000000 3.14159205284000009328 0.00000060074979302271 1317.211231
10 10 0.40000000000000002220 2.74159265358979320482 0.081148
10 100 2.35999999999999987566 0.78159265358979324034 0.063022
10 1000 2.99599999999999999645 0.14559265358979311955 0.069016
10 10000 3.10040000000000004476 0.04119265358979307123 0.069484
10 100000 3.12795999999999985164 0.01363265358979326436 0.066019
10 1000000 3.13454399999999999693 0.00704865358979311907 0.075019
10 10000000 3.14325160000000014549 0.00165894641020702949 0.181426
10 100000000 3.14156628000000015533 0.00002637358979296067 1.203297
10 1000000000 3.14167318799999994994 0.00008053441020683394 10.229231
10 100000000000 3.14159202100000012337 0.00000063258979299263 1313.959776
10 10 0.40000000000000002220 2.74159265358979320482 0.073178
10 100 2.47999999999999998224 0.66159265358979313376 0.070984
10 1000 3.00000000000000000000 0.14159265358979311600 0.059279
10 10000 3.11240000000000005542 0.02919265358979306058 0.063315
10 100000 3.12735999999999991772 0.01423265358979319828 0.051328
10 1000000 3.13482400000000005491 0.00676865358979306109 0.055089
10 10000000 3.14336320000000002395 0.00177054641020690795 0.147087
10 100000000000 3.14159203519999996601 0.00000061838979314999 1294.369188
10 10 0.40000000000000002220 2.74159265358979320482 0.071022
10 100 2.47999999999999998224 0.66159265358979313376 0.071245
10 1000 3.02800000000000002487 0.11359265358979309113 0.071139
10 10000 3.10840000000000005187 0.03319265358979306413 0.069153
10 100000000 3.14154971999999998999 0.00004293358979312600 0.939532
10 100000 3.12607999999999996987 0.01551265358979314612 0.058077
10 1000000 3.13483199999999984087 0.00676065358979327513 0.071025
10 10000000 3.14336320000000002395 0.00177054641020690795 0.153215
10 100000000 3.14160359999999982961 0.00001094641020671361 1.046536
10 100000000000 3.14159201723999981226 0.00000063634979330374 1296.471155
10 10 0.40000000000000002220 2.74159265358979320482 0.079035
10 100 2.56000000000000005329 0.58159265358979306271 0.067056
10 1000 3.02800000000000002487 0.11359265358979309113 0.079032
10 10000 3.10679999999999978400 0.03479265358979333200 0.075075
10 100000 3.12375999999999987011 0.01783265358979324589 0.063001
10 1000000 3.13532400000000022189 0.00626865358979289411 0.091044
10 10000000 3.14329759999999991393 0.00170494641020679794 0.162982
10 100000000 3.14166932000000009850 0.00007666641020698250 1.174720
10 100000000000 3.14159201088000017421 0.00000064270979294179 1304.062581
10 10 0.00000000000000000000 3.14159265358979311600 0.065268
10 100 2.43999999999999994671 0.70159265358979316929 0.067026
10 1000 3.00800000000000000711 0.13359265358979310889 0.066770
10 10000 3.10360000000000013642 0.03799265358979297957 0.075310
10 100000 3.12760000000000015774 0.01399265358979295826 0.083023
10 1000000 3.13471600000000005792 0.00687665358979305807 0.094997
10 10000000 3.14350599999999991141 0.00191334641020679541 0.183272
10 100000000 3.14165792000000010376 0.00006526641020698776 1.383249
10 100000000000 3.14159202064000009358 0.00000063294979302242 1308.022641
10 10 0.00000000000000000000 3.14159265358979311600 0.055278
10 100 2.52000000000000001776 0.62159265358979309823 0.073418
10 1000 3.02000000000000001776 0.12159265358979309823 0.061973
10 10000 3.09759999999999990905 0.04399265358979320695 0.071045
10 100000 3.12767999999999979366 0.01391265358979332234 0.067060
10 1000000 3.13538400000000017087 0.00620865358979294513 0.074176
10 10000000 3.14301919999999990196 0.00142654641020678596 0.185817
10 1000000000 3.14167223199999989802 0.00007957841020678202 11.012167
10 100000000 3.14159855999999981790 0.00000590641020670191 1.280209
10 1000000000 3.14167521599999988169 0.00008256241020676569 11.510064
10 1000000000 3.14167110800000015658 0.00007845441020704058 12.407460
10 1000000000 3.14167224799999988960 0.00007959441020677360 12.334849
10 1000000000 3.14167805599999994115 0.00008540241020682515 12.424907
10 100000000000 3.14159228376000010385 0.00000036982979301214 1302.353985
10 10 0.40000000000000002220 2.74159265358979320482 0.062980
10 100 2.47999999999999998224 0.66159265358979313376 0.071003
10 1000 3.03200000000000002842 0.10959265358979308758 0.067247
10 10000 3.11200000000000009948 0.02959265358979301652 0.071323
10 100000 3.12936000000000014154 0.01223265358979297446 0.063282
10 1000000 3.13590400000000002478 0.00568865358979309121 0.087302
10 10000000 3.14334479999999993893 0.00175214641020682294 0.270722
10 100000000 3.14165404000000014761 0.00006138641020703162 1.315483
10 100000000000 3.14159232391999987399 0.00000032966979324200 1296.342753
10 10 0.40000000000000002220 2.74159265358979320482 0.070997
10 100 2.39999999999999991118 0.74159265358979320482 0.087283
10 1000 3.01600000000000001421 0.12559265358979310179 0.071286
10 10000 3.09520000000000017337 0.04639265358979294263 0.063290
10 100000 3.12803999999999993165 0.01355265358979318435 0.083633
10 1000000 3.13546799999999992181 0.00612465358979319419 0.116902
10 10000000 3.14367280000000004492 0.00208014641020692892 0.242289
10 100000000 3.14167959999999979459 0.00008694641020667859 1.542737
10 1000000000 3.14167266800000000160 0.00008001441020688560 13.782819
10 1000000000 3.14166468400000020722 0.00007203041020709122 13.374704
10 10000000000 3.14159260600000012076 0.00000004758979299524 120.542579
10 10000000000 3.14159208480000007313 0.00000056878979304287 126.747186
10 10000000000 3.14159165279999985643 0.00000100078979325957 130.825221
10 10000000000 3.14159299079999998483 0.00000033721020686883 132.108902
10 10000000000 3.14159262399999983373 0.00000002958979328227 131.375136
10 10000000000 3.14159196519999994734 0.00000068838979316865 129.749252
10 10000000000 3.14159309960000010520 0.00000044601020698920 130.566711
10 10000000000 3.14159237239999988844 0.00000028118979322755 129.574866
10 10000000000 3.14159174439999988593 0.00000090918979323007 130.178648
10 100000000000 3.14159229727999989024 0.00000035630979322576 1288.977358
10 10 0.40000000000000002220 2.74159265358979320482 0.078958
10 100 2.39999999999999991118 0.74159265358979320482 0.075232
10 1000 3.02400000000000002132 0.11759265358979309468 0.087002
10 10000 3.10440000000000004832 0.03719265358979306768 0.062450
10 100000 3.12775999999999987367 0.01383265358979324233 0.055488
10 1000000 3.13441999999999998394 0.00717265358979313206 0.053195
10 10000000 3.14359119999999991890 0.00199854641020680290 0.207297
10 100000000 3.14165096000000021448 0.00005830641020709848 1.535098
10 1000000000 3.14167803999999994957 0.00008538641020683357 14.253983
10 10000000000 3.14159246160000016346 0.00000019198979295254 135.850687
10 100000000000 3.14159229279999996365 0.00000036078979315235 1306.544390
10 100000000000 3.14159228504000020976 0.00000036854979290624 1329.923446
10 100000000000 3.14159226896000021156 0.00000038462979290443 1295.965255
10 100000000000 3.14159229683999985383 0.00000035674979326217 1301.625582
10 100000000000 3.14159204712000006410 0.00000060646979305190 1307.291968
10 100000000000 3.14159230739999983939 0.00000034618979327661 1295.394479
10 100000000000 3.14159226296000015921 0.00000039062979295679 1301.909788
10 100000000000 3.14159204248000012427 0.00000061110979299173 1275.403702
10 100000000000 3.14159229067999978824 0.00000036290979332776 1272.915375
10 100000000000 3.14159229972000009212 0.00000035386979302388 552.596494
10 10 0.40000000000000002220 2.74159265358979320482 0.000238
10 100 2.47999999999999998224 0.66159265358979313376 0.000256
10 10 0.40000000000000002220 2.74159265358979320482 0.000226
10 1000 3.01200000000000001066 0.12959265358979310534 0.000256
10 10 0.40000000000000002220 2.74159265358979320482 0.016200
10 10 0.40000000000000002220 2.74159265358979320482 0.015996
10 10 0.40000000000000002220 2.74159265358979320482 0.023676
10 100 2.43999999999999994671 0.70159265358979316929 0.018871
10 10000 3.10400000000000009237 0.03759265358979302363 0.023660
10 10 0.40000000000000002220 2.74159265358979320482 0.024911
10 100 2.56000000000000005329 0.58159265358979306271 0.033272
10 100000 3.12936000000000014154 0.01223265358979297446 0.034920
10 100 2.52000000000000001776 0.62159265358979309823 0.038608
10 100 2.47999999999999998224 0.66159265358979313376 0.046438
10 1000 3.02000000000000001776 0.12159265358979309823 0.044470
10 10 0.40000000000000002220 2.74159265358979320482 0.038154
10 10 0.40000000000000002220 2.74159265358979320482 0.048970
10 1000 3.00800000000000000711 0.13359265358979310889 0.022711
10 1000 3.01600000000000001421 0.12559265358979310179 0.035089
10 10 0.00000000000000000000 3.14159265358979311600 0.051845
10 10000 3.09520000000000017337 0.04639265358979294263 0.040191
10 1000 3.01600000000000001421 0.12559265358979310179 0.051857
10 1000000 3.13436000000000003496 0.00723265358979308104 0.043577
10 100 2.43999999999999994671 0.70159265358979316929 0.054744
10 10 0.00000000000000000000 3.14159265358979311600 0.051203
10 10000 3.10599999999999987210 0.03559265358979324390 0.032774
10 100 2.52000000000000001776 0.62159265358979309823 0.047269
10 100 2.52000000000000001776 0.62159265358979309823 0.035589
10 10000 3.10239999999999982450 0.03919265358979329150 0.024831
10 10000 3.10880000000000000782 0.03279265358979310818 0.043980
10 100 2.43999999999999994671 0.70159265358979316929 0.043662
10 100000 3.12735999999999991772 0.01423265358979319828 0.044654
10 100000 3.12536000000000013799 0.01623265358979297801 0.038253
10 1000 3.00000000000000000000 0.14159265358979311600 0.048854
10 1000 3.01600000000000001421 0.12559265358979310179 0.042419
10 100 2.39999999999999991118 0.74159265358979320482 0.051039
10 100000 3.12707999999999985974 0.01451265358979325626 0.027589
10 100000 3.12531999999999987594 0.01627265358979324006 0.044363
10 10000000 3.14335800000000009646 0.00176534641020698047 0.076701
10 1000 3.00400000000000000355 0.13759265358979311245 0.046774
10 1000000 3.13445999999999980190 0.00713265358979331410 0.055238
10 1000 3.01600000000000001421 0.12559265358979310179 0.064187
10 1000000 3.13533600000000012287 0.00625665358979299313 0.041326
10 1000 3.01200000000000001066 0.12959265358979310534 0.054790
10 10000 3.10320000000000018048 0.03839265358979293552 0.045200
10 10000 3.10199999999999986855 0.03959265358979324745 0.060073
10 1000000 3.13447999999999993292 0.00711265358979318307 0.051776
10 1000000 3.13485199999999997189 0.00674065358979314411 0.051254
10 10000 3.10000000000000008882 0.04159265358979302718 0.053274
10 10000 3.10440000000000004832 0.03719265358979306768 0.048500
10 100000 3.12375999999999987011 0.01783265358979324589 0.049465
10 10000 3.11560000000000014708 0.02599265358979296892 0.050048
10 100000 3.12783999999999995367 0.01375265358979316233 0.075696
10 10000000 3.14316120000000021051 0.00156854641020709451 0.114773
10 10000000 3.14329759999999991393 0.00170494641020679794 0.113436
10 100000 3.12888000000000010559 0.01271265358979301041 0.075249
10 100000 3.12375999999999987011 0.01783265358979324589 0.067296
10 100000 3.12936000000000014154 0.01223265358979297446 0.052673
10 1000000 3.13614000000000014978 0.00545265358979296622 0.054054
10 10000000 3.14332799999999989993 0.00173534641020678393 0.154713
10 10000000 3.14354479999999991691 0.00195214641020680091 0.143575
10 1000000 3.13494399999999995288 0.00664865358979316312 0.063241
10 1000000 3.13539600000000007185 0.00619665358979304415 0.059258
10 1000000 3.13516800000000017690 0.00642465358979293910 0.055451
10 1000000 3.13532799999999989282 0.00626465358979322318 0.083056
10 10000000 3.14330519999999991043 0.00171254641020679443 0.155736
10 10000000 3.14372840000000008942 0.00213574641020697342 0.148552
10 10000000 3.14351840000000004594 0.00192574641020692994 0.179159
10 10000000 3.14343679999999991992 0.00184414641020680392 0.183391
10 10000000 3.14355360000000016996 0.00196094641020705396 0.153923
10 100000000 3.14161268000000015732 0.00002002641020704132 0.804567
10 100000000 3.14156411999999995999 0.00002853358979315601 1.116209
10 100000000 3.14156608000000003855 0.00002657358979307745 1.118861
10 100000000 3.14168020000000014491 0.00008754641020702891 1.142660
10 100000000 3.14165376000000007295 0.00006110641020695695 1.130099
10 100000000 3.14164975999999995793 0.00005710641020684193 1.170744
10 100000000 3.14158691999999994948 0.00000573358979316652 1.177694
10 100000000 3.14156468000000010932 0.00002797358979300668 1.152029
10 10 0.00000000000000000000 3.14159265358979311600 0.000587
20 10 0.00000000000000000000 3.14159265358979311600 0.000945
30 10 0.00000000000000000000 3.14159265358979311600 0.033370
40 10 0.00000000000000000000 3.14159265358979311600 0.000785
50 10 0.00000000000000000000 3.14159265358979311600 0.000869
60 10 0.00000000000000000000 3.14159265358979311600 0.001725
70 10 0.00000000000000000000 3.14159265358979311600 0.002910
80 10 0.00000000000000000000 3.14159265358979311600 0.003172
90 10 0.00000000000000000000 3.14159265358979311600 0.004010
100 10 0.00000000000000000000 3.14159265358979311600 0.004458
10 100 2.39999999999999991118 0.74159265358979320482 0.000388
20 100 1.60000000000000008882 1.54159265358979302718 0.000774
30 100 1.19999999999999995559 1.94159265358979316041 0.029247
40 100 0.80000000000000004441 2.34159265358979329363 0.001018
50 100 0.00000000000000000000 3.14159265358979311600 0.002054
60 100 0.00000000000000000000 3.14159265358979311600 0.001696
70 100 0.00000000000000000000 3.14159265358979311600 0.002689
80 100 0.00000000000000000000 3.14159265358979311600 0.002954
90 100 0.00000000000000000000 3.14159265358979311600 0.002880
100 100 0.00000000000000000000 3.14159265358979311600 0.002936
10 1000 3.00000000000000000000 0.14159265358979311600 0.000258
20 1000 3.04000000000000003553 0.10159265358979308047 0.029138
30 1000 2.68000000000000015987 0.46159265358979295613 0.019620
40 1000 2.39999999999999991118 0.74159265358979320482 0.000944
50 1000 2.20000000000000017764 0.94159265358979293836 0.002072
60 1000 2.08000000000000007105 1.06159265358979304494 0.002575
70 1000 2.24000000000000021316 0.90159265358979290284 0.001620
80 1000 2.24000000000000021316 0.90159265358979290284 0.001729
90 1000 2.20000000000000017764 0.94159265358979293836 0.002241
100 1000 2.39999999999999991118 0.74159265358979320482 0.004149
10 10000 3.10000000000000008882 0.04159265358979302718 0.000382
20 10000 3.05600000000000004974 0.08559265358979306626 0.026122
30 10000 3.08400000000000007461 0.05759265358979304139 0.019876
40 10000 3.08800000000000007816 0.05359265358979303784 0.001140
50 10000 3.18000000000000015987 0.03840734641020704387 0.002034
60 10000 3.13600000000000012079 0.00559265358979299521 0.002425
70 10000 3.16400000000000014566 0.02240734641020702966 0.001510
80 10000 3.07200000000000006395 0.06959265358979305205 0.003536
90 10000 3.02800000000000002487 0.11359265358979309113 0.003801
100 10000 3.00000000000000000000 0.14159265358979311600 0.004432
10 100000 3.12519999999999997797 0.01639265358979313802 0.001089
20 100000 3.11200000000000009948 0.02959265358979301652 0.001590
30 100000 3.13120000000000020535 0.01039265358979291065 0.026898
40 100000 3.12480000000000002203 0.01679265358979309397 0.001884
50 100000 3.10000000000000008882 0.04159265358979302718 0.001789
60 100000 3.08320000000000016271 0.05839265358979295328 0.002903
70 100000 3.08720000000000016627 0.05439265358979294973 0.003131
80 100000 3.10400000000000009237 0.03759265358979302363 0.003942
90 100000 3.10000000000000008882 0.04159265358979302718 0.004188
100 100000 3.10000000000000008882 0.04159265358979302718 0.004615
10 1000000 3.13432000000000021700 0.00727265358979289900 0.007340
20 1000000 3.13296000000000018915 0.00863265358979292685 0.030547
30 1000000 3.13492000000000015092 0.00667265358979296508 0.019488
40 1000000 3.14015999999999984027 0.00143265358979327573 0.003109
50 1000000 3.14579999999999992966 0.00420734641020681366 0.003725
60 1000000 3.14008000000000020435 0.00151265358979291165 0.003672
70 1000000 3.13115999999999994330 0.01043265358979317270 0.005823
80 1000000 3.12863999999999986557 0.01295265358979325043 0.005557
90 1000000 3.13240000000000007319 0.00919265358979304281 0.007602
100 1000000 3.12519999999999997797 0.01639265358979313802 0.007413
10 10000000 3.14355999999999990990 0.00196734641020679391 0.042264
20 10000000 3.14454399999999978377 0.00295134641020666777 0.027550
30 10000000 3.14199999999999990408 0.00040734641020678808 0.032215
40 10000000 3.14241599999999987602 0.00082334641020676003 0.011345
50 10000000 3.14173999999999997712 0.00014734641020686112 0.014883
60 10000000 3.14204799999999995208 0.00045534641020683608 0.015882
70 10000000 3.13802000000000003155 0.00357265358979308445 0.016044
80 10000000 3.13766400000000000858 0.00392865358979310741 0.019884
90 10000000 3.13563599999999986778 0.00595665358979324822 0.021068
100 10000000 3.13432000000000021700 0.00727265358979289900 0.025506
10 100000000 3.14161039999999980310 0.00001774641020668710 0.216840
20 100000000 3.14137520000000014520 0.00021745358979297080 0.121889
30 100000000 3.14176359999999998962 0.00017094641020687362 0.108873
40 100000000 3.14231520000000008608 0.00072254641020697008 0.098503
50 100000000 3.14199800000000006861 0.00040534641020695261 0.098883
60 100000000 3.14275839999999995200 0.00116574641020683600 0.104132
70 100000000 3.14346039999999993242 0.00186774641020681642 0.099309
80 100000000 3.14423040000000009186 0.00263774641020697587 0.093647
90 100000000 3.14408559999999992485 0.00249294641020680885 0.088526
100 100000000 3.14355999999999990990 0.00196734641020679391 0.093641
10 1000000000 3.14167819999999986535 0.00008554641020674936 1.972470
20 1000000000 3.14158888000000002805 0.00000377358979308795 1.032937
30 1000000000 3.14185936000000021195 0.00026670641020709596 0.764129
40 1000000000 3.14206544000000009831 0.00047278641020698231 0.879214
50 1000000000 3.14207379999999991682 0.00048114641020680082 0.709202
60 1000000000 3.14210320000000020713 0.00051054641020709113 0.788453
70 1000000000 3.14201700000000005986 0.00042434641020694386 0.754833
80 1000000000 3.14190592000000012973 0.00031326641020701373 0.764807
90 1000000000 3.14200800000000013412 0.00041534641020701812 0.738848
100 1000000000 3.14161039999999980310 0.00001774641020668710 0.723021
10 10000000000 3.14159227599999990588 0.00000037758979321012 19.625725
20 10000000000 3.14161882400000003202 0.00002617041020691602 10.076615
30 10000000000 3.14159148400000010071 0.00000116958979301529 7.059014
40 10000000000 3.14160059200000008062 0.00000793841020696462 7.574499
50 10000000000 3.14160684000000012261 0.00001418641020700662 11.821358
60 10000000000 3.14164707999999981425 0.00005442641020669825 8.936806
70 10000000000 3.14159784000000019688 0.00000518641020708088 7.376230
80 10000000000 3.14156185600000004143 0.00003079758979307456 6.961514
90 10000000000 3.14161956399999997558 0.00002691041020685958 6.761308
100 10000000000 3.14167819999999986535 0.00008554641020674936 7.411359
10 100000000000 3.14159204360000021694 0.00000060998979289906 196.153261
20 100000000000 3.14159325839999992169 0.00000060481020680569 98.216598
30 100000000000 3.14159216799999985170 0.00000048558979326430 71.402689
40 100000000000 3.14159547359999979932 0.00000282001020668332 78.438837
50 100000000000 3.14159016800000001624 0.00000248558979309976 79.738783
60 100000000000 3.14158870719999994137 0.00000394638979317463 78.185918
70 100000000000 3.14159644960000017377 0.00000379601020705778 77.536009
80 100000000000 3.14159646719999985365 0.00000381361020673765 75.040185
90 100000000000 3.14159696679999989044 0.00000431321020677444 71.773153
100 100000000000 3.14159227599999990588 0.00000037758979321012 70.617291
10 1000000000000 3.14159186787999988866 0.00000078570979322734 1962.254950
20 1000000000000 3.14159184543999980832 0.00000080814979330768 1014.969380
10 1000000000000 3.14159186787999988866 0.00000078570979322734 1962.254950
20 1000000000000 3.14159184543999980832 0.00000080814979330768 1014.969380
30 1000000000000 3.14159193960000004964 0.00000071398979306636 713.647598
40 1000000000000 3.14159201215999983603 0.00000064142979327997 814.473937
50 1000000000000 3.14159196039999999428 0.00000069318979312172 853.544428
60 1000000000000 3.14159268160000015868 0.00000002801020704268 754.707311
70 1000000000000 3.14159164891999997948 0.00000100466979313651 780.786154
80 1000000000000 3.14159237663999979517 0.00000027694979332082 809.045407
90 1000000000000 3.14159227527999984630 0.00000037830979326969 809.106361
100 1000000000000 3.14159204360000021694 0.00000060998979289906 783.947950
